#include <vector>

std::vector<std::string> subgroup_dictionary{
"1",
"C2",
"C2",
"C2",
"C2",
"C2",
"C2",
"C2",
"C2",
"C2",
"C2",
"C2",
"C2",
"C2",
"C2",
"C2",
"C3",
"C3",
"C3",
"C3",
"C3",
"C3",
"C3",
"C3",
"C3",
"C3",
"C2 x C2",
"C2 x C2",
"C2 x C2",
"C2 x C2",
"C2 x C2",
"C5",
"C5",
"C5",
"C5",
"C5",
"C5",
"S3",
"S3",
"S3",
"S3",
"S3",
"S3",
"S3",
"S3",
"S3",
"S3",
"D5",
"D5",
"D5",
"D5",
"D5",
"D5",
"A4",
"A4",
"A4",
"A4",
"A4",
"A5"
};

std::vector<std::pair<unsigned, unsigned>> lattice{
{0,16},
{0,1},
{0,17},
{0,18},
{0,19},
{0,2},
{0,3},
{0,4},
{0,5},
{0,6},
{0,20},
{0,31},
{0,32},
{0,33},
{0,21},
{0,34},
{0,35},
{0,22},
{0,36},
{0,7},
{0,23},
{0,24},
{0,8},
{0,9},
{0,25},
{0,10},
{0,11},
{0,12},
{0,13},
{0,14},
{0,15},
{0,53},
{0,37},
{0,54},
{0,26},
{0,38},
{0,48},
{0,39},
{0,47},
{0,55},
{0,40},
{0,41},
{0,56},
{0,42},
{0,57},
{0,43},
{0,49},
{0,50},
{0,44},
{0,46},
{0,45},
{0,51},
{0,52},
{0,27},
{0,28},
{0,29},
{0,30},
{0,58},
{16,53},
{16,37},
{16,54},
{16,58},
{1,26},
{1,38},
{1,48},
{1,39},
{1,47},
{1,53},
{1,58},
{17,53},
{17,55},
{17,40},
{17,58},
{18,53},
{18,41},
{18,56},
{18,58},
{19,53},
{19,42},
{19,57},
{19,58},
{2,26},
{2,43},
{2,49},
{2,50},
{2,44},
{2,53},
{2,58},
{3,26},
{3,46},
{3,45},
{3,51},
{3,52},
{3,53},
{3,58},
{26,53},
{26,58},
{53,58},
{4,37},
{4,38},
{4,49},
{4,51},
{4,27},
{4,58},
{4,57},
{5,37},
{5,28},
{5,45},
{5,50},
{5,47},
{5,58},
{5,55},
{6,37},
{6,43},
{6,48},
{6,29},
{6,52},
{6,58},
{6,56},
{37,58},
{20,38},
{20,55},
{20,56},
{20,58},
{31,52},
{31,58},
{32,50},
{32,58},
{33,47},
{33,58},
{21,43},
{21,55},
{21,57},
{21,58},
{34,51},
{34,58},
{35,48},
{35,58},
{22,45},
{22,56},
{22,57},
{22,58},
{36,49},
{36,58},
{7,38},
{7,42},
{7,30},
{7,50},
{7,52},
{7,58},
{7,54},
{38,58},
{23,55},
{23,46},
{23,54},
{23,58},
{24,54},
{24,56},
{24,44},
{24,58},
{8,42},
{8,28},
{8,48},
{8,51},
{8,44},
{8,58},
{8,55},
{9,42},
{9,46},
{9,49},
{9,29},
{9,47},
{9,58},
{9,56},
{42,58},
{25,54},
{25,39},
{25,57},
{25,58},
{10,43},
{10,41},
{10,30},
{10,51},
{10,47},
{10,58},
{10,54},
{43,58},
{11,28},
{11,41},
{11,49},
{11,39},
{11,52},
{11,55},
{11,58},
{28,55},
{28,58},
{55,58},
{12,41},
{12,46},
{12,48},
{12,50},
{12,27},
{12,58},
{12,57},
{41,58},
{46,58},
{13,48},
{13,49},
{13,45},
{13,30},
{13,40},
{13,58},
{13,54},
{48,58},
{49,58},
{45,58},
{30,54},
{30,58},
{54,58},
{14,39},
{14,50},
{14,29},
{14,51},
{14,40},
{14,58},
{14,56},
{39,58},
{50,58},
{29,56},
{29,58},
{56,58},
{51,58},
{15,47},
{15,40},
{15,44},
{15,27},
{15,52},
{15,58},
{15,57},
{47,58},
{40,58},
{44,58},
{27,57},
{27,58},
{57,58},
{52,58}
}; 
 

std::vector<std::vector<unsigned>> conjugates{
{0,4,2,24,10,3,17,14,21,20},
{1,7,8,19,29,6,30,26,25,9,5,27,22,28,23},
{0,4,2,24,10,3,17,14,21,20},
{0,4,2,24,10,3,17,14,21,20},
{0,4,2,24,10,3,17,14,21,20},
{1,7,8,19,29,6,30,26,25,9,5,27,22,28,23},
{1,7,8,19,29,6,30,26,25,9,5,27,22,28,23},
{1,7,8,19,29,6,30,26,25,9,5,27,22,28,23},
{1,7,8,19,29,6,30,26,25,9,5,27,22,28,23},
{1,7,8,19,29,6,30,26,25,9,5,27,22,28,23},
{0,4,2,24,10,3,17,14,21,20},
{11,13,15,18,12,16},
{11,13,15,18,12,16},
{11,13,15,18,12,16},
{0,4,2,24,10,3,17,14,21,20},
{11,13,15,18,12,16},
{11,13,15,18,12,16},
{0,4,2,24,10,3,17,14,21,20},
{11,13,15,18,12,16},
{1,7,8,19,29,6,30,26,25,9,5,27,22,28,23},
{0,4,2,24,10,3,17,14,21,20},
{0,4,2,24,10,3,17,14,21,20},
{1,7,8,19,29,6,30,26,25,9,5,27,22,28,23},
{1,7,8,19,29,6,30,26,25,9,5,27,22,28,23},
{0,4,2,24,10,3,17,14,21,20},
{1,7,8,19,29,6,30,26,25,9,5,27,22,28,23},
{1,7,8,19,29,6,30,26,25,9,5,27,22,28,23},
{1,7,8,19,29,6,30,26,25,9,5,27,22,28,23},
{1,7,8,19,29,6,30,26,25,9,5,27,22,28,23},
{1,7,8,19,29,6,30,26,25,9,5,27,22,28,23},
{1,7,8,19,29,6,30,26,25,9,5,27,22,28,23},
{31,44,39,33,42},
{32,43,40,37,35,41,50,45,48,49},
{31,44,39,33,42},
{34,53,54,56,55},
{32,43,40,37,35,41,50,45,48,49},
{36,46,38,47,52,51},
{32,43,40,37,35,41,50,45,48,49},
{36,46,38,47,52,51},
{31,44,39,33,42},
{32,43,40,37,35,41,50,45,48,49},
{32,43,40,37,35,41,50,45,48,49},
{31,44,39,33,42},
{32,43,40,37,35,41,50,45,48,49},
{31,44,39,33,42},
{32,43,40,37,35,41,50,45,48,49},
{36,46,38,47,52,51},
{36,46,38,47,52,51},
{32,43,40,37,35,41,50,45,48,49},
{32,43,40,37,35,41,50,45,48,49},
{32,43,40,37,35,41,50,45,48,49},
{36,46,38,47,52,51},
{36,46,38,47,52,51},
{34,53,54,56,55},
{34,53,54,56,55},
{34,53,54,56,55},
{34,53,54,56,55},
{57},
{58,79,70,175,122,73,140,131,156,157,69,132,121,154,139,77,177,152,60,75},
{59,78,71,176,120,74,138,130,158,153},
{58,79,70,175,122,73,140,131,156,157,69,132,121,154,139,77,177,152,60,75},
{61,80,72,178,123,76,141,133,159,155},
{62,102,106,146,221,88,235,187,181,115,81,201,161,209,170},
{63,99,107,144,219,89,233,188,179,113,65,98,105,145,223,85,197,160,208,168,82,198,164,210,167,90,234,190,180,112},
{64,100,109,147,220,92,232,191,182,116,66,101,108,148,222,83,200,162,206,171,84,199,163,207,169,91,236,189,183,114},
{63,99,107,144,219,89,233,188,179,113,65,98,105,145,223,85,197,160,208,168,82,198,164,210,167,90,234,190,180,112},
{64,100,109,147,220,92,232,191,182,116,66,101,108,148,222,83,200,162,206,171,84,199,163,207,169,91,236,189,183,114},
{67,104,111,150,225,93,238,192,185,118,86,203,166,212,173},
{68,103,110,149,224,94,237,193,184,117,87,202,165,211,172},
{58,79,70,175,122,73,140,131,156,157,69,132,121,154,139,77,177,152,60,75},
{58,79,70,175,122,73,140,131,156,157,69,132,121,154,139,77,177,152,60,75},
{59,78,71,176,120,74,138,130,158,153},
{61,80,72,178,123,76,141,133,159,155},
{58,79,70,175,122,73,140,131,156,157,69,132,121,154,139,77,177,152,60,75},
{59,78,71,176,120,74,138,130,158,153},
{58,79,70,175,122,73,140,131,156,157,69,132,121,154,139,77,177,152,60,75},
{61,80,72,178,123,76,141,133,159,155},
{58,79,70,175,122,73,140,131,156,157,69,132,121,154,139,77,177,152,60,75},
{59,78,71,176,120,74,138,130,158,153},
{58,79,70,175,122,73,140,131,156,157,69,132,121,154,139,77,177,152,60,75},
{61,80,72,178,123,76,141,133,159,155},
{62,102,106,146,221,88,235,187,181,115,81,201,161,209,170},
{63,99,107,144,219,89,233,188,179,113,65,98,105,145,223,85,197,160,208,168,82,198,164,210,167,90,234,190,180,112},
{64,100,109,147,220,92,232,191,182,116,66,101,108,148,222,83,200,162,206,171,84,199,163,207,169,91,236,189,183,114},
{64,100,109,147,220,92,232,191,182,116,66,101,108,148,222,83,200,162,206,171,84,199,163,207,169,91,236,189,183,114},
{63,99,107,144,219,89,233,188,179,113,65,98,105,145,223,85,197,160,208,168,82,198,164,210,167,90,234,190,180,112},
{67,104,111,150,225,93,238,192,185,118,86,203,166,212,173},
{68,103,110,149,224,94,237,193,184,117,87,202,165,211,172},
{62,102,106,146,221,88,235,187,181,115,81,201,161,209,170},
{63,99,107,144,219,89,233,188,179,113,65,98,105,145,223,85,197,160,208,168,82,198,164,210,167,90,234,190,180,112},
{63,99,107,144,219,89,233,188,179,113,65,98,105,145,223,85,197,160,208,168,82,198,164,210,167,90,234,190,180,112},
{64,100,109,147,220,92,232,191,182,116,66,101,108,148,222,83,200,162,206,171,84,199,163,207,169,91,236,189,183,114},
{64,100,109,147,220,92,232,191,182,116,66,101,108,148,222,83,200,162,206,171,84,199,163,207,169,91,236,189,183,114},
{67,104,111,150,225,93,238,192,185,118,86,203,166,212,173},
{68,103,110,149,224,94,237,193,184,117,87,202,165,211,172},
{95,242,194,216,228},
{96,243,195,217,229},
{97,244,196,218,230},
{63,99,107,144,219,89,233,188,179,113,65,98,105,145,223,85,197,160,208,168,82,198,164,210,167,90,234,190,180,112},
{63,99,107,144,219,89,233,188,179,113,65,98,105,145,223,85,197,160,208,168,82,198,164,210,167,90,234,190,180,112},
{64,100,109,147,220,92,232,191,182,116,66,101,108,148,222,83,200,162,206,171,84,199,163,207,169,91,236,189,183,114},
{64,100,109,147,220,92,232,191,182,116,66,101,108,148,222,83,200,162,206,171,84,199,163,207,169,91,236,189,183,114},
{62,102,106,146,221,88,235,187,181,115,81,201,161,209,170},
{68,103,110,149,224,94,237,193,184,117,87,202,165,211,172},
{67,104,111,150,225,93,238,192,185,118,86,203,166,212,173},
{63,99,107,144,219,89,233,188,179,113,65,98,105,145,223,85,197,160,208,168,82,198,164,210,167,90,234,190,180,112},
{62,102,106,146,221,88,235,187,181,115,81,201,161,209,170},
{63,99,107,144,219,89,233,188,179,113,65,98,105,145,223,85,197,160,208,168,82,198,164,210,167,90,234,190,180,112},
{64,100,109,147,220,92,232,191,182,116,66,101,108,148,222,83,200,162,206,171,84,199,163,207,169,91,236,189,183,114},
{64,100,109,147,220,92,232,191,182,116,66,101,108,148,222,83,200,162,206,171,84,199,163,207,169,91,236,189,183,114},
{68,103,110,149,224,94,237,193,184,117,87,202,165,211,172},
{67,104,111,150,225,93,238,192,185,118,86,203,166,212,173},
{63,99,107,144,219,89,233,188,179,113,65,98,105,145,223,85,197,160,208,168,82,198,164,210,167,90,234,190,180,112},
{63,99,107,144,219,89,233,188,179,113,65,98,105,145,223,85,197,160,208,168,82,198,164,210,167,90,234,190,180,112},
{64,100,109,147,220,92,232,191,182,116,66,101,108,148,222,83,200,162,206,171,84,199,163,207,169,91,236,189,183,114},
{62,102,106,146,221,88,235,187,181,115,81,201,161,209,170},
{64,100,109,147,220,92,232,191,182,116,66,101,108,148,222,83,200,162,206,171,84,199,163,207,169,91,236,189,183,114},
{68,103,110,149,224,94,237,193,184,117,87,202,165,211,172},
{67,104,111,150,225,93,238,192,185,118,86,203,166,212,173},
{119,174,240,226,151,204,215,186,241,205},
{59,78,71,176,120,74,138,130,158,153},
{58,79,70,175,122,73,140,131,156,157,69,132,121,154,139,77,177,152,60,75},
{58,79,70,175,122,73,140,131,156,157,69,132,121,154,139,77,177,152,60,75},
{61,80,72,178,123,76,141,133,159,155},
{124,128,134,142,126,136},
{125,129,135,143,127,137},
{124,128,134,142,126,136},
{125,129,135,143,127,137},
{124,128,134,142,126,136},
{125,129,135,143,127,137},
{59,78,71,176,120,74,138,130,158,153},
{58,79,70,175,122,73,140,131,156,157,69,132,121,154,139,77,177,152,60,75},
{58,79,70,175,122,73,140,131,156,157,69,132,121,154,139,77,177,152,60,75},
{61,80,72,178,123,76,141,133,159,155},
{124,128,134,142,126,136},
{125,129,135,143,127,137},
{124,128,134,142,126,136},
{125,129,135,143,127,137},
{59,78,71,176,120,74,138,130,158,153},
{58,79,70,175,122,73,140,131,156,157,69,132,121,154,139,77,177,152,60,75},
{58,79,70,175,122,73,140,131,156,157,69,132,121,154,139,77,177,152,60,75},
{61,80,72,178,123,76,141,133,159,155},
{124,128,134,142,126,136},
{125,129,135,143,127,137},
{63,99,107,144,219,89,233,188,179,113,65,98,105,145,223,85,197,160,208,168,82,198,164,210,167,90,234,190,180,112},
{63,99,107,144,219,89,233,188,179,113,65,98,105,145,223,85,197,160,208,168,82,198,164,210,167,90,234,190,180,112},
{62,102,106,146,221,88,235,187,181,115,81,201,161,209,170},
{64,100,109,147,220,92,232,191,182,116,66,101,108,148,222,83,200,162,206,171,84,199,163,207,169,91,236,189,183,114},
{64,100,109,147,220,92,232,191,182,116,66,101,108,148,222,83,200,162,206,171,84,199,163,207,169,91,236,189,183,114},
{68,103,110,149,224,94,237,193,184,117,87,202,165,211,172},
{67,104,111,150,225,93,238,192,185,118,86,203,166,212,173},
{119,174,240,226,151,204,215,186,241,205},
{58,79,70,175,122,73,140,131,156,157,69,132,121,154,139,77,177,152,60,75},
{59,78,71,176,120,74,138,130,158,153},
{58,79,70,175,122,73,140,131,156,157,69,132,121,154,139,77,177,152,60,75},
{61,80,72,178,123,76,141,133,159,155},
{58,79,70,175,122,73,140,131,156,157,69,132,121,154,139,77,177,152,60,75},
{58,79,70,175,122,73,140,131,156,157,69,132,121,154,139,77,177,152,60,75},
{59,78,71,176,120,74,138,130,158,153},
{61,80,72,178,123,76,141,133,159,155},
{63,99,107,144,219,89,233,188,179,113,65,98,105,145,223,85,197,160,208,168,82,198,164,210,167,90,234,190,180,112},
{62,102,106,146,221,88,235,187,181,115,81,201,161,209,170},
{64,100,109,147,220,92,232,191,182,116,66,101,108,148,222,83,200,162,206,171,84,199,163,207,169,91,236,189,183,114},
{64,100,109,147,220,92,232,191,182,116,66,101,108,148,222,83,200,162,206,171,84,199,163,207,169,91,236,189,183,114},
{63,99,107,144,219,89,233,188,179,113,65,98,105,145,223,85,197,160,208,168,82,198,164,210,167,90,234,190,180,112},
{68,103,110,149,224,94,237,193,184,117,87,202,165,211,172},
{67,104,111,150,225,93,238,192,185,118,86,203,166,212,173},
{63,99,107,144,219,89,233,188,179,113,65,98,105,145,223,85,197,160,208,168,82,198,164,210,167,90,234,190,180,112},
{63,99,107,144,219,89,233,188,179,113,65,98,105,145,223,85,197,160,208,168,82,198,164,210,167,90,234,190,180,112},
{64,100,109,147,220,92,232,191,182,116,66,101,108,148,222,83,200,162,206,171,84,199,163,207,169,91,236,189,183,114},
{62,102,106,146,221,88,235,187,181,115,81,201,161,209,170},
{64,100,109,147,220,92,232,191,182,116,66,101,108,148,222,83,200,162,206,171,84,199,163,207,169,91,236,189,183,114},
{68,103,110,149,224,94,237,193,184,117,87,202,165,211,172},
{67,104,111,150,225,93,238,192,185,118,86,203,166,212,173},
{119,174,240,226,151,204,215,186,241,205},
{58,79,70,175,122,73,140,131,156,157,69,132,121,154,139,77,177,152,60,75},
{59,78,71,176,120,74,138,130,158,153},
{58,79,70,175,122,73,140,131,156,157,69,132,121,154,139,77,177,152,60,75},
{61,80,72,178,123,76,141,133,159,155},
{63,99,107,144,219,89,233,188,179,113,65,98,105,145,223,85,197,160,208,168,82,198,164,210,167,90,234,190,180,112},
{63,99,107,144,219,89,233,188,179,113,65,98,105,145,223,85,197,160,208,168,82,198,164,210,167,90,234,190,180,112},
{62,102,106,146,221,88,235,187,181,115,81,201,161,209,170},
{64,100,109,147,220,92,232,191,182,116,66,101,108,148,222,83,200,162,206,171,84,199,163,207,169,91,236,189,183,114},
{64,100,109,147,220,92,232,191,182,116,66,101,108,148,222,83,200,162,206,171,84,199,163,207,169,91,236,189,183,114},
{68,103,110,149,224,94,237,193,184,117,87,202,165,211,172},
{67,104,111,150,225,93,238,192,185,118,86,203,166,212,173},
{119,174,240,226,151,204,215,186,241,205},
{62,102,106,146,221,88,235,187,181,115,81,201,161,209,170},
{63,99,107,144,219,89,233,188,179,113,65,98,105,145,223,85,197,160,208,168,82,198,164,210,167,90,234,190,180,112},
{64,100,109,147,220,92,232,191,182,116,66,101,108,148,222,83,200,162,206,171,84,199,163,207,169,91,236,189,183,114},
{63,99,107,144,219,89,233,188,179,113,65,98,105,145,223,85,197,160,208,168,82,198,164,210,167,90,234,190,180,112},
{64,100,109,147,220,92,232,191,182,116,66,101,108,148,222,83,200,162,206,171,84,199,163,207,169,91,236,189,183,114},
{67,104,111,150,225,93,238,192,185,118,86,203,166,212,173},
{68,103,110,149,224,94,237,193,184,117,87,202,165,211,172},
{95,242,194,216,228},
{96,243,195,217,229},
{97,244,196,218,230},
{63,99,107,144,219,89,233,188,179,113,65,98,105,145,223,85,197,160,208,168,82,198,164,210,167,90,234,190,180,112},
{63,99,107,144,219,89,233,188,179,113,65,98,105,145,223,85,197,160,208,168,82,198,164,210,167,90,234,190,180,112},
{64,100,109,147,220,92,232,191,182,116,66,101,108,148,222,83,200,162,206,171,84,199,163,207,169,91,236,189,183,114},
{64,100,109,147,220,92,232,191,182,116,66,101,108,148,222,83,200,162,206,171,84,199,163,207,169,91,236,189,183,114},
{62,102,106,146,221,88,235,187,181,115,81,201,161,209,170},
{68,103,110,149,224,94,237,193,184,117,87,202,165,211,172},
{67,104,111,150,225,93,238,192,185,118,86,203,166,212,173},
{119,174,240,226,151,204,215,186,241,205},
{119,174,240,226,151,204,215,186,241,205},
{64,100,109,147,220,92,232,191,182,116,66,101,108,148,222,83,200,162,206,171,84,199,163,207,169,91,236,189,183,114},
{64,100,109,147,220,92,232,191,182,116,66,101,108,148,222,83,200,162,206,171,84,199,163,207,169,91,236,189,183,114},
{63,99,107,144,219,89,233,188,179,113,65,98,105,145,223,85,197,160,208,168,82,198,164,210,167,90,234,190,180,112},
{62,102,106,146,221,88,235,187,181,115,81,201,161,209,170},
{63,99,107,144,219,89,233,188,179,113,65,98,105,145,223,85,197,160,208,168,82,198,164,210,167,90,234,190,180,112},
{68,103,110,149,224,94,237,193,184,117,87,202,165,211,172},
{67,104,111,150,225,93,238,192,185,118,86,203,166,212,173},
{213,214,239,227,245,231},
{213,214,239,227,245,231},
{119,174,240,226,151,204,215,186,241,205},
{95,242,194,216,228},
{96,243,195,217,229},
{97,244,196,218,230},
{63,99,107,144,219,89,233,188,179,113,65,98,105,145,223,85,197,160,208,168,82,198,164,210,167,90,234,190,180,112},
{64,100,109,147,220,92,232,191,182,116,66,101,108,148,222,83,200,162,206,171,84,199,163,207,169,91,236,189,183,114},
{62,102,106,146,221,88,235,187,181,115,81,201,161,209,170},
{64,100,109,147,220,92,232,191,182,116,66,101,108,148,222,83,200,162,206,171,84,199,163,207,169,91,236,189,183,114},
{63,99,107,144,219,89,233,188,179,113,65,98,105,145,223,85,197,160,208,168,82,198,164,210,167,90,234,190,180,112},
{68,103,110,149,224,94,237,193,184,117,87,202,165,211,172},
{67,104,111,150,225,93,238,192,185,118,86,203,166,212,173},
{119,174,240,226,151,204,215,186,241,205},
{213,214,239,227,245,231},
{95,242,194,216,228},
{96,243,195,217,229},
{97,244,196,218,230},
{213,214,239,227,245,231},
{64,100,109,147,220,92,232,191,182,116,66,101,108,148,222,83,200,162,206,171,84,199,163,207,169,91,236,189,183,114},
{63,99,107,144,219,89,233,188,179,113,65,98,105,145,223,85,197,160,208,168,82,198,164,210,167,90,234,190,180,112},
{63,99,107,144,219,89,233,188,179,113,65,98,105,145,223,85,197,160,208,168,82,198,164,210,167,90,234,190,180,112},
{62,102,106,146,221,88,235,187,181,115,81,201,161,209,170},
{64,100,109,147,220,92,232,191,182,116,66,101,108,148,222,83,200,162,206,171,84,199,163,207,169,91,236,189,183,114},
{68,103,110,149,224,94,237,193,184,117,87,202,165,211,172},
{67,104,111,150,225,93,238,192,185,118,86,203,166,212,173},
{213,214,239,227,245,231},
{119,174,240,226,151,204,215,186,241,205},
{119,174,240,226,151,204,215,186,241,205},
{95,242,194,216,228},
{96,243,195,217,229},
{97,244,196,218,230},
{213,214,239,227,245,231}};
 

std::vector<std::vector<unsigned>> intersections{
{},
{},
{},
{},
{},
{},
{},
{},
{},
{},
{},
{},
{},
{},
{},
{},
{},
{},
{},
{},
{},
{},
{},
{},
{},
{},
{},
{},
{},
{},
{},
{0,1,2,3,4,5,6,34},
{0,7,8,9},
{0,19,20,21,24,25,28,56},
{1,5,6},
{1,7,10,19},
{1,9,16,22,27,28},
{1,24,26,29},
{1,8,13,23,25,30},
{2,8,10,14,20,22,26,54},
{2,28,29,30},
{3,25,26,27},
{3,9,10,17,21,23,29,55},
{4,19,22,23},
{4,7,14,17,24,27,30,53},
{5,9,14,25},
{5,7,18,23,26,28},
{5,8,12,19,27,29},
{5,21,22,30},
{6,20,23,27},
{6,8,17,28},
{6,7,15,22,25,29},
{6,9,11,19,26,30},
{7,27,30},
{8,22,26},
{9,23,29},
{19,25,28},
{0,1,2,3,4,5,6,34,31,7,8,9,32,10,11,12,13,14,15,16,17,18,19,35,20,21,22,23,43,24,25,45,26,54,39,27,41,49,28,36,46,50,56,33,29,37,47,55,42,51,30,38,40,48,53,44,52},
{1,2,3,4,5,6,34},
{7,8,9},
{19,20,21,24,25,28,56},
{1,2,3,4,5,6,34,58,7,8,9,59,10,11,12,13,14,15,16,17,18,19,35,20,21,22,23,43,24,25,45,26,54,39,27,41,49,28,36,46,50,56,60,29,37,47,55,42,51,30,38,40,48,53,44,52},
{5,6},
{7,10,19},
{9,16,22,27,28},
{24,26,29},
{8,13,23,25,30},
{0,2,3,4,5,6,62},
{0,2,3,4,5,6,62,67,7,8,9,32,10,11,12,13,14,15,16,17,18,19,63,20,21,22,23,43,24,25,45,26,54,39,27,41,49,28,64,46,50,56,33,29,65,47,55,42,51,30,66,40,48,53,44,52},
{0,1,3,4,5,6,34},
{8,10,14,20,22,26,54},
{28,29,30},
{0,1,3,4,5,6,34,69,7,8,9,32,10,11,12,13,14,15,16,17,18,19,35,20,21,22,23,43,24,25,45,26,54,70,27,41,49,28,36,46,50,56,33,29,37,47,55,42,51,30,38,71,48,53,44,52},
{0,1,2,4,5,6,34},
{25,26,27},
{9,10,17,21,23,29,55},
{0,1,2,4,5,6,34,73,7,8,9,32,10,11,12,13,14,15,16,17,18,19,35,20,21,22,23,43,24,25,45,26,54,39,27,74,49,28,36,46,50,56,33,29,37,47,55,75,51,30,38,40,48,53,44,52},
{0,1,2,3,5,6,34},
{19,22,23},
{7,14,17,24,27,30,53},
{0,1,2,3,5,6,34,77,7,8,9,32,10,11,12,13,14,15,16,17,18,19,35,20,21,22,23,78,24,25,45,26,54,39,27,41,49,28,36,46,50,56,33,29,37,47,55,42,51,30,38,40,48,53,79,52},
{1,6},
{9,14,25},
{7,18,23,26,28},
{8,12,19,27,29},
{21,22,30},
{0,1,2,3,4,6,81},
{0,1,2,3,4,6,81,86,7,8,9,32,10,11,12,13,14,15,16,17,18,19,35,20,21,22,23,43,24,25,82,26,54,39,27,41,49,28,36,83,50,56,33,29,37,84,55,42,51,30,38,40,85,53,44,52},
{1,5},
{20,23,27},
{8,17,28},
{7,15,22,25,29},
{9,11,19,26,30},
{0,1,2,3,4,5,88},
{0,1,2,3,4,5,88,93,7,8,9,32,10,11,12,13,14,15,16,17,18,19,35,20,21,22,23,43,24,25,45,26,54,39,27,41,89,28,36,46,90,56,33,29,37,47,55,42,91,30,38,40,48,53,44,92},
{0,2,3,4},
{0,2,3,4,95,7,8,9,32,10,11,12,13,14,15,16,17,18,19,63,20,21,22,23,43,24,25,82,26,54,39,27,41,89,28,64,83,90,56,33,29,65,84,55,42,91,30,66,40,85,53,44,92},
{7,8,9,59,10,11,12,13,14,15,16,17,18,19,63,20,21,22,23,78,24,25,82,26,54,70,27,74,89,28,64,83,90,56,60,29,65,84,55,75,91,30,66,71,85,53,79,92},
{0,8,9},
{1,10,19},
{5,18,23,26,28},
{6,15,22,25,29},
{27,30},
{0,1,2,3,4,5,6,34,31,8,9,98,10,11,12,13,14,15,16,17,18,19,99,20,21,22,23,43,24,25,45,26,54,39,27,41,49,28,36,100,50,56,33,29,37,47,55,42,101,30,38,40,48,102,104,52},
{4,14,17,24,27,30,102},
{0,7,9},
{22,26},
{6,17,28},
{5,12,19,27,29},
{1,13,23,25,30},
{0,1,2,3,4,5,6,34,31,7,9,105,10,11,12,13,14,15,16,17,18,19,35,20,21,22,23,43,24,25,45,26,106,111,27,41,49,28,36,46,107,56,33,29,37,108,55,42,51,30,109,40,48,53,44,52},
{2,10,14,20,22,26,106},
{0,7,8},
{5,14,25},
{1,16,22,27,28},
{23,29},
{6,11,19,26,30},
{0,1,2,3,4,5,6,34,31,7,8,112,10,11,12,13,14,15,16,17,18,19,35,20,21,22,23,43,24,25,113,26,54,39,27,41,49,28,114,46,50,56,33,29,37,47,115,118,51,30,38,40,48,53,44,116},
{3,10,17,21,23,29,115},
{1,2,3,4,5,6,34,58,10,11,12,13,14,15,16,17,18,19,99,20,21,22,23,43,24,25,113,26,106,111,27,41,49,28,114,100,107,56,60,29,37,108,115,118,101,30,109,40,48,102,104,116},
{1,7,19},
{2,8,14,20,22,26,54},
{3,9,17,21,23,29,55},
{0,1,2,3,4,5,6,34,31,7,8,9,32,11,12,13,14,15,16,17,18,19,120,20,21,22,23,43,24,25,45,26,54,121,27,41,49,28,36,46,50,56,33,29,37,47,55,122,51,30,38,40,48,53,44,52},
{6,9,19,26,30},
{0,1,2,3,4,5,6,34,31,7,8,9,32,10,12,13,14,15,16,17,18,19,35,20,21,22,23,43,24,25,45,26,54,39,27,41,49,28,36,46,50,56,33,29,37,47,55,42,51,30,38,40,48,53,44,124},
{5,8,19,27,29},
{0,1,2,3,4,5,6,34,31,7,8,9,32,10,11,13,14,15,16,17,18,19,35,20,21,22,23,43,24,25,45,26,54,39,27,41,49,28,36,46,50,56,33,29,37,126,55,42,51,30,38,40,48,53,44,52},
{1,8,23,25,30},
{0,1,2,3,4,5,6,34,31,7,8,9,32,10,11,12,14,15,16,17,18,19,35,20,21,22,23,43,24,25,45,26,54,39,27,41,49,28,36,46,50,56,33,29,37,47,55,42,51,30,128,40,48,53,44,52},
{5,9,25},
{2,8,10,20,22,26,54},
{4,7,17,24,27,30,53},
{0,1,2,3,4,5,6,34,31,7,8,9,32,10,11,12,13,15,16,17,18,19,35,20,21,22,23,43,24,25,130,26,54,131,27,41,49,28,36,46,50,56,33,29,37,47,55,42,51,30,38,40,48,53,132,52},
{6,7,22,25,29},
{0,1,2,3,4,5,6,34,31,7,8,9,32,10,11,12,13,14,16,17,18,19,35,20,21,22,23,43,24,25,45,26,54,39,27,41,49,28,36,46,50,56,33,29,37,47,55,42,134,30,38,40,48,53,44,52},
{1,9,22,27,28},
{0,1,2,3,4,5,6,34,31,7,8,9,32,10,11,12,13,14,15,17,18,19,35,20,21,22,23,43,24,25,45,26,54,39,27,41,49,28,136,46,50,56,33,29,37,47,55,42,51,30,38,40,48,53,44,52},
{6,8,28},
{3,9,10,21,23,29,55},
{4,7,14,24,27,30,53},
{0,1,2,3,4,5,6,34,31,7,8,9,32,10,11,12,13,14,15,16,18,19,35,20,21,22,23,43,24,25,45,26,54,39,27,41,49,28,36,46,138,56,33,29,37,47,55,139,51,30,38,40,48,53,140,52},
{5,7,23,26,28},
{0,1,2,3,4,5,6,34,31,7,8,9,32,10,11,12,13,14,15,16,17,19,35,20,21,22,23,43,24,25,45,26,54,39,27,41,49,28,36,142,50,56,33,29,37,47,55,42,51,30,38,40,48,53,44,52},
{1,7,10},
{4,22,23},
{25,28},
{5,8,12,27,29},
{6,9,11,26,30},
{0,1,2,3,4,5,6,34,31,7,8,9,32,10,11,12,13,14,15,16,17,18,144,20,21,22,23,145,24,25,45,26,54,39,27,41,49,28,36,46,50,146,150,29,37,147,55,42,51,30,38,40,48,53,44,148},
{0,20,21,24,25,28,146},
{0,2,3,4,5,6,62,67,8,9,98,11,12,13,14,15,16,17,18,20,21,22,23,145,24,25,45,26,54,121,27,41,49,28,64,100,50,146,150,29,65,147,55,122,101,30,66,40,48,102,104,148},
{2,8,10,14,22,26,54},
{6,23,27},
{0,19,21,24,25,28,56},
{0,1,2,3,4,5,6,34,31,7,8,9,32,10,11,12,13,14,15,16,17,18,19,35,21,22,23,43,24,25,45,26,54,152,27,41,153,28,36,46,50,56,154,29,37,47,55,42,51,30,38,40,48,53,44,52},
{0,19,20,24,25,28,56},
{3,9,10,17,23,29,55},
{5,22,30},
{0,1,2,3,4,5,6,34,31,7,8,9,32,10,11,12,13,14,15,16,17,18,19,35,20,22,23,43,24,25,45,26,54,39,27,41,49,28,36,46,50,56,156,29,37,47,55,157,51,30,38,40,158,53,44,52},
{4,19,23},
{8,26},
{1,9,16,27,28},
{6,7,15,25,29},
{5,21,30},
{0,1,2,3,4,5,6,34,31,7,8,9,32,10,11,12,13,14,15,16,17,18,19,35,20,21,23,160,24,25,45,26,161,166,27,41,49,28,162,46,50,56,33,29,37,47,55,42,163,30,38,40,164,53,44,52},
{2,8,10,14,20,26,161},
{4,19,22},
{6,20,27},
{5,7,18,26,28},
{9,29},
{1,8,13,25,30},
{0,1,2,3,4,5,6,34,31,7,8,9,32,10,11,12,13,14,15,16,17,18,19,35,20,21,22,167,24,25,45,26,54,39,27,41,168,28,36,169,50,56,33,29,37,47,170,173,51,30,171,40,48,53,44,52},
{3,9,10,17,21,29,170},
{0,1,2,3,5,6,34,77,7,8,9,32,10,11,12,13,14,15,16,17,18,144,20,21,24,25,45,26,161,166,27,41,168,28,162,169,50,146,150,29,37,147,170,173,163,30,171,40,164,53,79,148},
{0,19,20,21,25,28,56},
{1,26,29},
{4,7,14,17,27,30,53},
{0,1,2,3,4,5,6,34,31,7,8,9,32,10,11,12,13,14,15,16,17,18,19,35,20,21,22,23,43,25,45,26,54,39,27,41,49,28,36,46,50,56,175,29,176,47,55,42,51,30,38,40,48,53,177,52},
{5,9,14},
{3,26,27},
{19,28},
{6,7,15,22,29},
{1,8,13,23,30},
{0,1,2,3,4,5,6,34,31,7,8,9,32,10,11,12,13,14,15,16,17,18,19,35,20,21,22,23,43,24,179,26,54,39,27,180,49,28,36,46,50,181,185,29,37,47,55,42,182,30,183,40,48,53,44,52},
{0,19,20,21,24,28,181},
{0,1,2,3,4,6,81,86,7,8,112,10,11,12,13,15,16,17,18,19,35,20,21,22,23,43,24,26,54,131,27,180,49,28,114,83,50,181,185,29,37,84,115,118,182,30,183,40,85,53,132,116},
{8,22},
{3,25,27},
{5,7,18,23,28},
{1,24,29},
{6,9,11,19,30},
{2,8,10,14,20,22,187},
{0,1,2,3,4,5,6,34,31,7,8,9,32,10,11,12,13,14,15,16,17,18,19,35,20,21,22,23,43,24,25,45,187,192,27,188,49,28,36,189,50,56,33,29,190,47,55,42,51,30,38,40,48,53,44,191},
{2,10,14,20},
{0,1,2,3,4,5,6,34,31,7,9,105,10,11,12,13,14,15,16,17,18,19,35,20,21,23,160,24,25,45,194,27,188,49,28,162,189,107,56,33,29,190,108,55,42,163,30,109,40,164,53,44,191},
{0,1,3,4,5,6,34,69,7,9,105,11,12,13,15,16,17,18,19,120,21,23,160,24,25,130,27,188,153,28,162,189,107,56,154,29,190,108,55,122,163,30,109,71,164,53,132,191},
{3,25,26},
{6,20,23},
{1,9,16,22,28},
{5,8,12,19,29},
{7,30},
{0,1,2,3,4,5,6,34,31,7,8,9,32,10,11,12,13,14,15,16,17,18,19,35,20,21,22,23,43,24,25,45,26,54,39,197,198,28,199,46,50,56,33,29,37,200,55,42,51,30,38,40,48,201,203,52},
{4,7,14,17,24,30,201},
{0,1,2,4,5,6,34,73,7,8,9,32,10,11,12,13,14,15,16,17,18,19,35,20,21,22,23,43,24,179,187,192,198,28,199,189,50,181,185,29,190,200,55,75,182,30,183,40,48,201,203,191},
{0,1,2,3,4,5,88,93,7,8,9,32,10,11,12,13,14,15,16,17,18,19,35,21,22,167,24,25,45,26,54,152,197,28,199,169,90,56,154,29,37,200,170,173,91,30,171,40,48,201,203,92},
{1,9,16,22,27},
{5,7,18,23,26},
{6,8,17},
{19,25},
{2,29,30},
{0,1,2,3,4,5,6,34,31,7,8,9,32,10,11,12,13,14,15,16,17,18,19,35,20,21,22,23,43,24,25,45,26,54,39,27,41,49,206,207,208,209,212,29,37,47,55,42,51,30,38,210,48,53,44,52},
{0,19,20,21,24,25,209},
{0,2,3,4,5,6,62,67,7,8,112,10,11,12,13,14,15,17,18,19,63,20,21,23,160,24,25,113,26,161,166,197,198,207,208,209,212,29,65,200,115,118,163,30,66,210,164,201,203,116},
{0,1,2,3,4,6,81,86,8,9,98,10,11,12,13,14,15,16,17,19,99,20,21,22,167,24,25,82,187,192,27,188,168,206,208,209,212,29,190,84,170,173,101,30,171,210,85,102,104,191},
{0,1,2,3,4,5,88,93,7,9,105,10,11,12,13,14,15,16,18,19,35,20,21,22,23,43,24,25,45,26,106,111,27,41,89,206,207,209,212,29,37,108,55,139,91,30,109,210,48,53,140,92},
{0,20,21,24},
{0,1,2,3,4,5,6,34,31,7,8,9,32,10,11,12,13,14,15,16,17,18,144,20,21,22,23,145,24,179,26,54,39,27,180,49,206,207,208,216,29,37,147,55,42,182,30,183,210,48,53,44,148},
{1,2,3,4,5,6,34,58,7,8,9,59,10,11,12,13,14,15,16,17,18,144,22,23,145,179,26,54,152,27,180,153,206,207,208,29,176,147,55,157,182,30,183,210,158,53,177,148},
{1,24,26},
{5,8,12,19,27},
{9,23},
{6,7,15,22,25},
{2,28,30},
{0,1,2,3,4,5,6,34,31,7,8,9,32,10,11,12,13,14,15,16,17,18,19,35,20,21,22,23,43,24,25,45,26,54,39,27,41,49,28,36,46,50,56,33,219,220,221,225,222,30,38,223,48,53,44,52},
{3,9,10,17,21,23,221},
{0,2,3,4,5,6,62,67,7,8,9,32,10,11,12,13,14,15,16,17,18,19,63,20,21,22,23,43,25,45,187,192,27,188,49,28,64,189,50,56,175,220,221,225,222,30,66,223,48,53,177,191},
{0,1,2,3,4,6,81,86,7,9,105,10,11,13,14,15,16,17,18,144,20,21,22,23,145,24,25,82,26,106,111,197,198,28,199,83,107,146,150,219,221,225,222,30,109,223,85,201,203,148},
{3,10,17,21},
{0,1,2,3,4,5,6,34,31,7,8,112,10,11,12,13,14,15,16,17,18,19,35,20,21,22,167,24,25,113,26,54,39,27,41,168,28,114,169,50,56,33,219,220,228,222,30,171,223,48,53,44,116},
{0,1,2,4,5,6,34,73,7,8,112,11,12,13,14,15,16,18,19,120,20,22,167,24,25,113,26,54,121,27,74,168,28,114,169,138,56,156,219,220,222,30,171,223,158,53,140,116},
{0,1,2,3,4,5,88,93,8,9,98,10,11,12,13,14,16,17,18,19,99,20,21,23,160,24,179,26,161,166,27,180,89,28,162,100,90,181,185,219,220,221,225,30,183,223,164,102,104,92},
{1,8,13,23,25},
{2,28,29},
{5,21,22},
{7,27},
{6,9,11,19,26},
{0,1,2,3,4,5,6,34,31,7,8,9,32,10,11,12,13,14,15,16,17,18,19,35,20,21,22,23,43,24,25,45,26,54,39,27,41,49,28,36,46,50,56,33,29,37,47,55,42,51,232,233,234,235,238,236},
{4,7,14,17,24,27,235},
{0,2,3,4,5,6,62,67,7,9,105,10,11,12,14,15,16,17,18,19,63,20,21,22,167,24,179,26,106,111,27,180,168,28,64,169,107,181,185,29,65,108,170,173,182,233,234,235,238,236},
{0,1,3,4,5,6,34,69,7,8,9,32,10,11,12,13,14,15,16,17,18,19,35,20,21,22,23,43,24,25,45,26,54,70,27,41,49,206,207,208,209,212,219,220,221,225,222,232,234,235,238,236},
{0,1,2,3,4,6,81,86,7,8,9,32,10,11,12,13,14,15,16,17,18,19,35,20,23,160,24,25,82,26,161,166,27,41,49,28,162,83,50,56,156,29,37,84,55,157,163,232,233,235,238,236},
{4,14,17,24},
{0,1,2,3,4,5,6,34,31,8,9,98,10,11,12,13,14,15,16,17,18,19,99,20,21,22,23,43,24,25,45,26,54,39,197,198,28,199,100,50,56,33,29,37,200,55,42,101,232,233,234,242,236},
{0,1,2,3,5,6,34,77,8,9,98,10,11,12,13,15,16,18,19,99,20,21,22,23,78,25,130,26,54,131,197,198,28,199,100,138,56,175,29,176,200,55,139,101,232,233,234,236},
{0,1,2,3,4,5,88,93,7,8,112,10,12,13,14,15,16,17,18,144,20,21,22,23,145,24,25,113,187,192,27,188,89,28,114,189,90,146,150,29,190,147,115,118,91,232,233,234,235,238}
}; 
 

std::vector<std::vector<unsigned>> cointersections{
{67,69,73,77,86,93,95,98,105,112,123,125,127,129,133,135,137,141,143,150,151,154,156,165,172,174,175,185,186,193,195,196,202,204,205,212,213,214,215,216,224,226,227,229,230,231,237,239,240,241,243,244,245},
{58,69,73,77,81,88,99,109,114,119,120,125,127,128,133,135,136,141,143,144,155,159,162,171,174,176,183,186,190,195,196,199,204,205,206,214,215,217,218,219,227,229,230,231,232,240,241,243,244,245},
{58,67,73,77,86,93,95,103,111,117,119,121,125,127,129,131,135,137,141,143,149,151,152,159,166,172,174,178,184,186,192,194,202,204,205,210,213,214,215,217,218,223,226,227,229,230,231,233,239,241,243,244,245},
{58,67,69,77,86,93,95,103,110,118,119,122,125,127,129,133,135,137,139,143,149,151,155,157,165,173,174,178,180,186,188,195,196,197,205,211,213,214,215,217,218,225,226,227,228,231,237,239,240,241,243,244,245},
{58,67,69,73,86,93,95,104,110,117,119,123,125,127,129,132,135,137,140,143,145,151,155,159,160,167,177,184,186,193,195,196,203,204,205,211,213,214,215,217,218,224,226,227,229,230,231,238,239,240,241,242,245},
{58,62,69,73,77,88,100,108,113,119,123,125,126,129,130,135,137,141,142,147,151,155,158,164,169,174,178,179,189,195,196,200,204,205,207,213,215,217,218,220,226,229,230,231,234,239,240,243,244,245},
{58,62,69,73,77,81,101,107,116,119,123,124,127,129,133,134,137,138,143,148,151,153,159,163,168,174,178,182,186,191,195,196,198,204,208,213,214,217,218,222,226,227,229,230,236,239,240,241,243,244},
{59,63,72,76,79,83,91,96,97,105,112,120,125,127,129,132,134,137,140,142,144,155,159,163,169,174,177,182,186,189,195,196,201,204,205,207,213,215,217,218,222,226,227,229,230,235,239,240,241,245},
{59,66,70,76,80,84,90,96,97,98,112,121,125,126,128,131,135,137,138,143,147,151,152,159,161,171,174,178,183,186,187,200,204,205,208,213,214,217,218,220,226,229,230,231,232,240,241,243,244,245},
{59,64,72,75,80,82,92,96,97,98,105,122,124,127,129,130,135,136,139,143,148,151,155,157,162,170,174,178,179,191,195,196,199,204,205,206,214,215,217,218,221,226,227,231,236,239,240,241,243,244},
{61,63,70,75,80,87,94,96,97,99,111,118,119,125,127,129,131,135,137,139,143,144,152,157,166,173,174,178,184,186,192,194,202,204,205,211,213,214,215,217,218,225,226,227,228,231,237,239,240,241,243,244,245},
{61,68,72,76,80,87,92,96,97,103,110,116,119,123,127,129,133,135,137,141,143,148,151,155,159,165,172,174,178,184,186,191,195,196,202,204,205,211,213,214,215,217,218,224,226,227,229,230,231,236,239,240,241,243,244},
{61,68,72,76,80,84,94,96,97,103,108,117,119,123,125,129,133,135,137,141,143,147,151,155,159,165,172,174,178,184,186,193,195,196,200,204,205,211,213,214,215,217,218,220,226,229,230,231,237,239,240,241,243,244,245},
{61,66,72,76,80,87,94,96,97,103,109,117,119,123,125,127,133,135,137,141,143,149,151,155,159,165,171,174,178,183,186,193,195,196,202,204,205,211,213,214,215,217,218,224,226,227,229,230,231,232,240,241,243,244,245},
{61,68,70,76,79,82,94,96,97,104,111,113,119,121,125,127,129,135,137,140,143,149,151,152,159,166,172,174,177,179,192,194,203,204,205,211,213,214,215,217,218,224,226,227,229,230,231,238,239,240,241,242,245},
{61,68,72,76,80,87,91,96,97,101,110,117,119,123,125,127,129,133,137,141,143,149,151,155,159,163,172,174,178,182,186,193,195,196,202,204,205,211,213,214,215,217,218,222,226,227,229,230,237,239,240,241,243,244,245},
{61,64,72,76,80,87,94,96,97,103,110,114,119,123,125,127,129,133,135,141,143,149,151,155,159,162,172,174,178,184,186,193,195,196,199,204,205,206,214,215,217,218,224,226,227,229,230,231,237,239,240,241,243,244,245},
{61,68,72,75,79,87,90,96,97,104,107,118,119,122,125,127,129,132,135,137,143,149,151,155,157,165,173,174,177,184,186,193,195,196,203,204,205,208,213,214,217,218,225,226,227,228,231,238,239,240,241,242,245},
{61,68,72,76,80,83,94,96,97,100,110,117,119,123,125,127,129,133,135,137,141,149,151,155,159,165,169,174,178,184,186,189,195,196,202,204,205,207,213,215,217,218,224,226,227,229,230,231,237,239,240,241,243,244,245},
{60,63,72,76,78,84,92,96,97,99,108,116,119,120,124,126,129,133,135,137,141,143,154,156,160,167,175,181,186,191,195,196,200,204,205,209,213,214,215,220,226,229,230,231,236,239,240,241,243,244},
{60,68,70,76,80,87,89,96,97,103,111,117,119,121,125,127,129,131,135,137,141,143,150,151,156,166,168,174,175,185,186,192,194,198,204,212,213,214,215,216,224,226,227,229,230,231,237,239,240,241,243,244,245},
{60,68,72,75,80,85,94,96,97,103,110,118,119,122,125,127,129,133,135,137,139,143,150,151,154,164,173,174,175,185,186,193,195,196,202,204,205,212,213,214,215,216,225,226,227,228,231,234,239,240,243,244,245},
{61,64,70,76,78,85,91,96,97,101,106,114,119,121,125,127,129,131,134,136,141,143,145,151,152,158,167,178,182,186,187,199,204,205,206,214,215,217,218,222,226,227,229,230,234,239,240,243,244,245},
{61,66,72,75,78,83,89,96,97,100,109,115,119,122,125,127,128,133,135,137,139,142,145,151,153,157,160,178,183,186,189,195,196,198,204,207,213,215,217,218,221,226,227,231,232,240,241,243,244,245},
{60,65,72,76,79,87,94,96,97,104,110,117,119,123,125,127,129,132,135,137,140,143,150,151,154,156,165,172,174,185,186,190,195,196,203,204,205,212,213,214,215,216,219,227,229,230,231,238,239,240,241,242,245},
{60,66,72,74,80,82,91,96,97,101,109,113,119,123,125,127,128,130,134,137,141,143,146,151,154,156,163,171,174,175,188,195,196,197,205,209,213,214,215,222,226,227,229,230,232,240,241,243,244,245},
{61,65,70,74,80,83,92,96,97,100,106,116,119,121,124,127,129,131,135,137,141,142,148,151,152,159,161,169,174,176,180,186,197,205,207,213,215,217,218,219,227,229,230,231,236,239,240,241,243,244},
{61,64,72,74,79,84,89,96,97,102,108,114,119,123,125,126,129,132,135,136,140,143,147,151,153,159,162,168,174,177,180,186,188,195,196,206,214,215,217,218,220,226,229,230,231,235,239,240,241,245},
{60,64,71,76,80,83,90,96,97,100,107,114,119,123,125,127,129,133,135,136,138,142,146,151,154,156,162,169,174,175,181,186,189,195,196,199,204,205,223,226,227,229,230,231,233,239,241,243,244,245},
{61,65,71,75,80,84,91,96,97,101,108,115,119,122,125,126,129,133,134,137,139,143,147,151,155,157,163,170,174,176,182,186,190,195,196,200,204,205,210,213,214,215,217,218,233,239,241,243,244,245},
{61,66,71,76,79,85,92,96,97,102,109,116,119,123,124,127,128,132,135,137,140,143,148,151,155,158,164,171,174,177,183,186,191,195,196,201,204,205,210,213,214,215,217,218,223,226,227,229,230,231},
{58,67,69,73,77,86,93,95,103,110,117,119,123,125,127,129,133,135,137,141,143,149,151,155,159,165,172,174,178,184,186,193,195,196,202,204,205,211,213,214,215,217,218,224,226,227,229,230,231,237,239,240,241,243,244,245},
{59,68,72,76,80,87,94,96,97,98,105,112,123,125,127,129,133,135,137,141,143,149,151,155,159,165,172,174,178,184,186,193,195,196,202,204,205,211,213,214,215,217,218,224,226,227,229,230,231,237,239,240,241,243,244,245},
{60,68,72,76,80,87,94,96,97,103,110,117,119,123,125,127,129,133,135,137,141,143,150,151,154,156,165,172,174,175,185,186,193,195,196,202,204,205,212,213,214,215,216,224,226,227,229,230,231,237,239,240,241,243,244,245},
{58,62,69,73,77,81,88,103,110,117,119,123,125,127,129,133,135,137,141,143,149,151,155,159,165,172,174,178,184,186,193,195,196,202,204,205,211,213,214,215,217,218,224,226,227,229,230,231,237,239,240,241,243,244,245},
{61,63,72,76,80,87,94,96,97,99,110,117,119,120,125,127,129,133,135,137,141,143,144,155,159,165,172,174,178,184,186,193,195,196,202,204,205,211,213,214,215,217,218,224,226,227,229,230,231,237,239,240,241,243,244,245},
{61,64,72,76,80,87,94,96,97,103,110,114,119,123,125,127,129,133,135,136,141,143,149,151,155,159,162,172,174,178,184,186,193,195,196,199,204,205,206,214,215,217,218,224,226,227,229,230,231,237,239,240,241,243,244,245},
{61,65,72,76,80,87,94,96,97,103,110,117,119,123,125,127,129,133,135,137,141,143,149,151,155,159,165,172,174,176,184,186,190,195,196,202,204,205,211,213,214,215,217,218,219,227,229,230,231,237,239,240,241,243,244,245},
{61,66,72,76,80,87,94,96,97,103,109,117,119,123,125,127,128,133,135,137,141,143,149,151,155,159,165,171,174,178,183,186,193,195,196,202,204,205,211,213,214,215,217,218,224,226,227,229,230,231,232,240,241,243,244,245},
{61,68,70,76,80,87,94,96,97,103,111,117,119,121,125,127,129,131,135,137,141,143,149,151,152,159,166,172,174,178,184,186,192,194,202,204,205,211,213,214,215,217,218,224,226,227,229,230,231,237,239,240,241,243,244,245},
{61,68,71,76,80,87,94,96,97,103,110,117,119,123,125,127,129,133,135,137,141,143,149,151,155,159,165,172,174,178,184,186,193,195,196,202,204,205,210,213,214,215,217,218,223,226,227,229,230,231,233,239,241,243,244,245},
{61,68,72,74,80,87,94,96,97,103,110,117,119,123,125,127,129,133,135,137,141,143,149,151,155,159,165,172,174,178,180,186,188,195,196,197,205,211,213,214,215,217,218,224,226,227,229,230,231,237,239,240,241,243,244,245},
{61,68,72,75,80,87,94,96,97,103,110,118,119,122,125,127,129,133,135,137,139,143,149,151,155,157,165,173,174,178,184,186,193,195,196,202,204,205,211,213,214,215,217,218,225,226,227,228,231,237,239,240,241,243,244,245},
{61,68,72,76,78,87,94,96,97,103,110,117,119,123,125,127,129,133,135,137,141,143,145,151,155,159,160,167,178,184,186,193,195,196,202,204,205,211,213,214,215,217,218,224,226,227,229,230,231,237,239,240,241,243,244,245},
{61,68,72,76,79,87,94,96,97,104,110,117,119,123,125,127,129,132,135,137,140,143,149,151,155,159,165,172,174,177,184,186,193,195,196,203,204,205,211,213,214,215,217,218,224,226,227,229,230,231,238,239,240,241,242,245},
{61,68,72,76,80,82,94,96,97,103,110,113,119,123,125,127,129,130,135,137,141,143,149,151,155,159,165,172,174,178,179,193,195,196,202,204,205,211,213,214,215,217,218,224,226,227,229,230,231,237,239,240,241,243,244,245},
{61,68,72,76,80,83,94,96,97,100,110,117,119,123,125,127,129,133,135,137,141,142,149,151,155,159,165,169,174,178,184,186,189,195,196,202,204,205,207,213,215,217,218,224,226,227,229,230,231,237,239,240,241,243,244,245},
{61,68,72,76,80,84,94,96,97,103,108,117,119,123,125,126,129,133,135,137,141,143,147,151,155,159,165,172,174,178,184,186,193,195,196,200,204,205,211,213,214,215,217,218,220,226,229,230,231,237,239,240,241,243,244,245},
{61,68,72,76,80,85,94,96,97,103,110,117,119,123,125,127,129,133,135,137,141,143,149,151,155,158,164,172,174,178,184,186,193,195,196,202,204,205,211,213,214,215,217,218,224,226,227,229,230,231,234,239,240,243,244,245},
