#include<vector>

std::vector<std::string> subgroup_dictionary{
"1",
"C2",
"C2",
"C2",
"C2",
"C2",
"C2",
"C2",
"C2",
"C2",
"C2",
"C2",
"C2",
"C2",
"C2",
"C2",
"C2",
"C2",
"C2",
"C2",
"C2",
"C2",
"C2",
"C2",
"C2",
"C2",
"C3",
"C3",
"C3",
"C3",
"C3",
"C3",
"C3",
"C3",
"C3",
"C3",
"C2 x C2",
"C2 x C2",
"C2 x C2",
"C2 x C2",
"C2 x C2",
"C4",
"C4",
"C4",
"C4",
"C4",
"C4",
"C4",
"C4",
"C4",
"C4",
"C4",
"C4",
"C4",
"C4",
"C4",
"C2 x C2",
"C2 x C2",
"C2 x C2",
"C2 x C2",
"C2 x C2",
"C2 x C2",
"C2 x C2",
"C2 x C2",
"C2 x C2",
"C2 x C2",
"C2 x C2",
"C2 x C2",
"C2 x C2",
"C2 x C2",
"C2 x C2",
"C5",
"C5",
"C5",
"C5",
"C5",
"C5",
"S3",
"S3",
"S3",
"S3",
"S3",
"S3",
"S3",
"S3",
"S3",
"S3",
"S3",
"S3",
"S3",
"S3",
"S3",
"S3",
"S3",
"S3",
"S3",
"S3",
"C6",
"C6",
"C6",
"C6",
"C6",
"C6",
"C6",
"C6",
"C6",
"C6",
"D4",
"D4",
"D4",
"D4",
"D4",
"D4",
"D4",
"D4",
"D4",
"D4",
"D4",
"D4",
"D4",
"D4",
"D4",
"D5",
"D5",
"D5",
"D5",
"D5",
"D5",
"A4",
"A4",
"A4",
"A4",
"A4",
"D6",
"D6",
"D6",
"D6",
"D6",
"D6",
"D6",
"D6",
"D6",
"D6",
"C5 : C4",
"C5 : C4",
"C5 : C4",
"C5 : C4",
"C5 : C4",
"C5 : C4",
"S4",
"S4",
"S4",
"S4",
"S4",
"A5",
"S5"
};

std::vector<std::pair<unsigned, unsigned>> lattice{
{0,1},
{0,2},
{0,26},
{0,3},
{0,4},
{0,11},
{0,27},
{0,28},
{0,5},
{0,29},
{0,12},
{0,6},
{0,13},
{0,7},
{0,14},
{0,15},
{0,16},
{0,30},
{0,71},
{0,72},
{0,73},
{0,31},
{0,74},
{0,75},
{0,32},
{0,76},
{0,8},
{0,17},
{0,33},
{0,34},
{0,18},
{0,19},
{0,35},
{0,20},
{0,21},
{0,22},
{0,10},
{0,23},
{0,24},
{0,9},
{0,25},
{0,77},
{0,56},
{0,78},
{0,57},
{0,97},
{0,58},
{0,79},
{0,80},
{0,59},
{0,60},
{0,98},
{0,61},
{0,81},
{0,128},
{0,99},
{0,87},
{0,129},
{0,62},
{0,82},
{0,63},
{0,100},
{0,83},
{0,64},
{0,84},
{0,101},
{0,66},
{0,65},
{0,41},
{0,36},
{0,88},
{0,123},
{0,89},
{0,122},
{0,130},
{0,102},
{0,90},
{0,91},
{0,131},
{0,103},
{0,104},
{0,67},
{0,85},
{0,68},
{0,105},
{0,92},
{0,132},
{0,42},
{0,93},
{0,124},
{0,125},
{0,94},
{0,106},
{0,69},
{0,86},
{0,70},
{0,43},
{0,96},
{0,95},
{0,126},
{0,127},
{0,44},
{0,37},
{0,45},
{0,38},
{0,46},
{0,39},
{0,53},
{0,40},
{0,47},
{0,48},
{0,54},
{0,49},
{0,50},
{0,55},
{0,51},
{0,52},
{0,149},
{0,133},
{0,150},
{0,107},
{0,134},
{0,135},
{0,136},
{0,151},
{0,108},
{0,109},
{0,152},
{0,137},
{0,110},
{0,138},
{0,139},
{0,111},
{0,112},
{0,154},
{0,113},
{0,141},
{0,142},
{0,153},
{0,140},
{0,114},
{0,115},
{0,117},
{0,116},
{0,144},
{0,143},
{0,119},
{0,118},
{0,145},
{0,146},
{0,121},
{0,120},
{0,147},
{0,148},
{0,155},
{1,77},
{1,56},
{1,78},
{1,57},
{1,97},
{1,58},
{1,79},
{1,149},
{1,133},
{1,150},
{1,107},
{1,134},
{1,135},
{1,136},
{1,151},
{1,108},
{1,109},
{1,155},
{2,77},
{2,80},
{2,59},
{2,60},
{2,98},
{2,61},
{2,81},
{2,149},
{2,133},
{2,150},
{2,152},
{2,137},
{2,110},
{2,138},
{2,139},
{2,111},
{2,112},
{2,155},
{26,77},
{26,128},
{26,99},
{26,87},
{26,129},
{26,149},
{26,133},
{26,150},
{26,154},
{26,155},
{3,77},
{3,62},
{3,82},
{3,63},
{3,100},
{3,83},
{3,64},
{3,149},
{3,133},
{3,150},
{3,113},
{3,141},
{3,142},
{3,153},
{3,140},
{3,114},
{3,115},
{3,155},
{77,149},
{77,133},
{77,150},
{77,155},
{4,56},
{4,80},
{4,82},
{4,84},
{4,101},
{4,66},
{4,65},
{4,107},
{4,134},
{4,135},
{4,149},
{4,152},
{4,137},
{4,153},
{4,140},
{4,117},
{4,116},
{4,155},
{11,56},
{11,41},
{11,36},
{11,88},
{11,123},
{11,89},
{11,122},
{11,107},
{11,134},
{11,135},
{11,144},
{11,143},
{11,128},
{11,113},
{11,110},
{11,154},
{11,149},
{11,155},
{56,107},
{56,134},
{56,135},
{56,149},
{56,155},
{41,107},
{41,144},
{41,143},
{41,149},
{41,155},
{27,80},
{27,128},
{27,130},
{27,102},
{27,90},
{27,149},
{27,152},
{27,137},
{27,154},
{27,155},
{28,82},
{28,128},
{28,91},
{28,131},
{28,103},
{28,149},
{28,153},
{28,140},
{28,154},
{28,155},
{5,80},
{5,62},
{5,78},
{5,104},
{5,67},
{5,85},
{5,68},
{5,149},
{5,152},
{5,137},
{5,113},
{5,141},
{5,142},
{5,136},
{5,151},
{5,119},
{5,118},
{5,155},
{80,149},
{80,152},
{80,137},
{80,155},
{29,78},
{29,128},
{29,105},
{29,92},
{29,132},
{29,149},
{29,136},
{29,151},
{29,154},
{29,155},
{12,62},
{12,42},
{12,36},
{12,93},
{12,124},
{12,125},
{12,94},
{12,113},
{12,141},
{12,142},
{12,145},
{12,146},
{12,107},
{12,128},
{12,110},
{12,154},
{12,149},
{12,155},
{62,113},
{62,141},
{62,142},
{62,149},
{62,155},
{42,113},
{42,145},
{42,146},
{42,149},
{42,155},
{6,78},
{6,82},
{6,59},
{6,106},
{6,69},
{6,86},
{6,70},
{6,149},
{6,136},
{6,151},
{6,153},
{6,140},
{6,110},
{6,138},
{6,139},
{6,121},
{6,120},
{6,155},
{78,149},
{78,136},
{78,151},
{78,155},
{82,149},
{82,153},
{82,140},
{82,155},
{13,59},
{13,36},
{13,43},
{13,96},
{13,95},
{13,126},
{13,127},
{13,110},
{13,138},
{13,139},
{13,107},
{13,128},
{13,113},
{13,147},
{13,148},
{13,154},
{13,149},
{13,155},
{59,110},
{59,138},
{59,139},
{59,149},
{59,155},
{36,107},
{36,128},
{36,113},
{36,110},
{36,149},
{36,154},
{36,155},
{107,149},
{107,155},
{128,149},
{128,154},
{128,155},
{113,149},
{113,155},
{43,110},
{43,147},
{43,148},
{43,149},
{43,155},
{110,149},
{110,155},
{149,155},
{7,99},
{7,57},
{7,60},
{7,63},
{7,84},
{7,86},
{7,85},
{7,133},
{7,134},
{7,108},
{7,111},
{7,138},
{7,114},
{7,141},
{7,153},
{7,152},
{7,151},
{7,155},
{99,133},
{99,155},
{14,57},
{14,44},
{14,87},
{14,88},
{14,124},
{14,126},
{14,37},
{14,133},
{14,134},
{14,108},
{14,145},
{14,147},
{14,154},
{14,132},
{14,120},
{14,118},
{14,155},
{14,151},
{57,133},
{57,134},
{57,108},
{57,155},
{57,151},
{44,145},
{44,147},
{44,108},
{44,155},
{44,151},
{15,60},
{15,45},
{15,87},
{15,38},
{15,95},
{15,125},
{15,122},
{15,133},
{15,111},
{15,138},
{15,146},
{15,143},
{15,154},
{15,130},
{15,119},
{15,116},
{15,155},
{15,152},
{60,133},
{60,111},
{60,138},
{60,155},
{60,152},
{45,111},
{45,146},
{45,143},
{45,152},
{45,155},
{16,87},
{16,63},
{16,46},
{16,93},
{16,123},
{16,39},
{16,127},
{16,133},
{16,154},
{16,114},
{16,141},
{16,144},
{16,148},
{16,131},
{16,121},
{16,117},
{16,155},
{16,153},
{87,133},
{87,154},
{87,155},
{63,133},
{63,114},
{63,141},
{63,155},
{63,153},
{133,155},
{46,144},
{46,114},
{46,148},
{46,155},
{46,153},
{30,97},
{30,84},
{30,88},
{30,130},
{30,131},
{30,134},
{30,153},
{30,152},
{30,154},
{30,155},
{97,134},
{97,155},
{71,127},
{71,154},
{71,148},
{71,155},
{72,125},
{72,146},
{72,154},
{72,155},
{73,122},
{73,143},
{73,154},
{73,155},
{31,100},
{31,93},
{31,130},
{31,85},
{31,132},
{31,141},
{31,154},
{31,152},
{31,151},
{31,155},
{100,141},
{100,155},
{74,126},
{74,147},
{74,154},
{74,155},
{75,123},
{75,144},
{75,154},
{75,155},
{32,98},
{32,86},
{32,95},
{32,131},
{32,132},
{32,138},
{32,153},
{32,151},
{32,154},
{32,155},
{98,138},
{98,155},
{76,124},
{76,145},
{76,154},
{76,155},
{8,84},
{8,105},
{8,58},
{8,67},
{8,69},
{8,83},
{8,81},
{8,134},
{8,153},
{8,152},
{8,136},
{8,109},
{8,119},
{8,142},
{8,121},
{8,139},
{8,150},
{8,155},
{84,134},
{84,153},
{84,152},
{84,155},
{105,136},
{105,155},
{17,58},
{17,88},
{17,53},
{17,92},
{17,40},
{17,125},
{17,127},
{17,134},
{17,136},
{17,109},
{17,154},
{17,146},
{17,148},
{17,129},
{17,112},
{17,115},
{17,155},
{17,150},
{58,134},
{58,136},
{58,109},
{58,155},
{58,150},
{88,134},
{88,154},
{88,155},
{134,155},
{53,109},
{53,146},
{53,148},
{53,150},
{53,155},
{33,106},
{33,130},
{33,96},
{33,129},
{33,81},
{33,139},
{33,152},
{33,154},
{33,150},
{33,155},
{106,139},
{106,155},
{34,104},
{34,83},
{34,129},
{34,131},
{34,94},
{34,142},
{34,153},
{34,150},
{34,154},
{34,155},
{104,142},
{104,155},
{18,67},
{18,47},
{18,92},
{18,38},
{18,123},
{18,126},
{18,94},
{18,136},
{18,119},
{18,142},
{18,144},
{18,147},
{18,154},
{18,111},
{18,130},
{18,116},
{18,155},
{18,152},
{67,136},
{67,119},
{67,142},
{67,155},
{67,152},
{47,119},
{47,144},
{47,147},
{47,152},
{47,155},
{19,92},
{19,69},
{19,48},
{19,96},
{19,124},
{19,39},
{19,122},
{19,136},
{19,154},
{19,121},
{19,139},
{19,145},
{19,143},
{19,114},
{19,131},
{19,117},
{19,155},
{19,153},
{92,136},
{92,154},
{92,155},
{69,136},
{69,121},
{69,139},
{69,155},
{69,153},
{136,155},
{48,145},
{48,121},
{48,143},
{48,155},
{48,153},
{35,101},
{35,129},
{35,89},
{35,79},
{35,132},
{35,135},
{35,150},
{35,154},
{35,151},
{35,155},
{101,135},
{101,155},
{20,93},
{20,54},
{20,91},
{20,40},
{20,126},
{20,64},
{20,122},
{20,141},
{20,154},
{20,147},
{20,115},
{20,143},
{20,140},
{20,109},
{20,129},
{20,112},
{20,155},
{20,150},
{93,141},
{93,154},
{93,155},
{54,147},
{54,115},
{54,143},
{54,155},
{54,150},
{21,38},
{21,49},
{21,91},
{21,124},
{21,89},
{21,65},
{21,127},
{21,111},
{21,130},
{21,119},
{21,116},
{21,145},
{21,148},
{21,140},
{21,154},
{21,135},
{21,152},
{21,155},
{38,111},
{38,130},
{38,119},
{38,116},
{38,152},
{38,154},
{38,155},
{111,152},
{111,155},
{130,152},
{130,154},
{130,155},
{119,152},
{119,155},
{49,145},
{49,116},
{49,148},
{49,155},
{49,152},
{22,91},
{22,50},
{22,96},
{22,123},
{22,125},
{22,70},
{22,37},
{22,140},
{22,154},
{22,144},
{22,146},
{22,120},
{22,139},
{22,108},
{22,132},
{22,118},
{22,155},
{22,151},
{91,140},
{91,154},
{91,155},
{50,144},
{50,146},
{50,120},
{50,155},
{50,151},
{96,139},
{96,154},
{96,155},
{10,83},
{10,102},
{10,86},
{10,61},
{10,66},
{10,79},
{10,68},
{10,153},
{10,150},
{10,142},
{10,137},
{10,138},
{10,151},
{10,112},
{10,117},
{10,135},
{10,118},
{10,155},
{83,153},
{83,150},
{83,142},
{83,155},
{102,137},
{102,155},
{86,138},
{86,153},
{86,151},
{86,155},
{23,61},
{23,123},
{23,124},
{23,95},
{23,40},
{23,55},
{23,90},
{23,138},
{23,112},
{23,137},
{23,144},
{23,154},
{23,145},
{23,109},
{23,129},
{23,115},
{23,155},
{23,150},
{61,138},
{61,112},
{61,137},
{61,155},
{61,150},
{123,144},
{123,154},
{123,155},
{124,145},
{124,154},
{124,155},
{95,138},
{95,154},
{95,155},
{138,155},
{40,109},
{40,129},
{40,112},
{40,115},
{40,150},
{40,154},
{40,155},
{109,150},
{109,155},
{129,150},
{129,154},
{129,155},
{55,112},
{55,144},
{55,145},
{55,150},
{55,155},
{112,150},
{112,155},
{144,155},
{145,155},
{24,66},
{24,89},
{24,125},
{24,39},
{24,126},
{24,51},
{24,90},
{24,117},
{24,135},
{24,137},
{24,154},
{24,146},
{24,114},
{24,131},
{24,121},
{24,147},
{24,153},
{24,155},
{66,117},
{66,135},
{66,137},
{66,153},
{66,155},
{89,135},
{89,154},
{89,155},
{125,146},
{125,154},
{125,155},
{39,114},
{39,131},
{39,121},
{39,117},
{39,153},
{39,154},
{39,155},
{114,153},
{114,155},
{131,153},
{131,154},
{131,155},
{121,153},
{121,155},
{126,147},
{126,154},
{126,155},
{51,117},
{51,146},
{51,147},
{51,153},
{51,155},
{117,153},
{117,155},
{153,155},
{146,155},
{147,155},
{9,103},
{9,79},
{9,70},
{9,64},
{9,65},
{9,81},
{9,85},
{9,140},
{9,135},
{9,150},
{9,151},
{9,139},
{9,120},
{9,115},
{9,141},
{9,116},
{9,152},
{9,155},
{103,140},
{103,155},
{79,135},
{79,150},
{79,151},
{79,155},
{70,140},
{70,139},
{70,120},
{70,155},
{70,151},
{64,115},
{64,140},
{64,141},
{64,150},
{64,155},
{115,150},
{115,155},
{65,116},
{65,135},
{65,140},
{65,152},
{65,155},
{116,152},
{116,155},
{135,155},
{140,155},
{81,150},
{81,139},
{81,152},
{81,155},
{150,155},
{139,155},
{85,152},
{85,141},
{85,151},
{85,155},
{152,155},
{141,155},
{25,122},
{25,68},
{25,37},
{25,52},
{25,90},
{25,94},
{25,127},
{25,143},
{25,154},
{25,118},
{25,137},
{25,142},
{25,108},
{25,132},
{25,120},
{25,148},
{25,155},
{25,151},
{122,143},
{122,154},
{122,155},
{68,118},
{68,137},
{68,142},
{68,151},
{68,155},
{37,108},
{37,132},
{37,120},
{37,118},
{37,151},
{37,154},
{37,155},
{108,151},
{108,155},
{132,151},
{132,154},
{132,155},
{120,151},
{120,155},
{52,143},
{52,118},
{52,148},
{52,155},
{52,151},
{143,155},
{118,151},
{118,155},
{151,155},
{90,137},
{90,154},
{90,155},
{137,155},
{94,142},
{94,154},
{94,155},
{142,155},
{127,154},
{127,148},
{127,155},
{154,155},
{148,155}
}; 
 

std::vector<std::vector<unsigned>> conjugates{
{0,1,4,13,36,26,11,39,3,8},
{0,1,4,13,36,26,11,39,3,8},
{2,6,17,24,28,32,7,21,29,9},
{0,1,4,13,36,26,11,39,3,8},
{0,1,4,13,36,26,11,39,3,8},
{5,15,27,38,14,12,34,37,16,40,10,30,33,31,35},
{2,6,17,24,28,32,7,21,29,9},
{2,6,17,24,28,32,7,21,29,9},
{0,1,4,13,36,26,11,39,3,8},
{2,6,17,24,28,32,7,21,29,9},
{5,15,27,38,14,12,34,37,16,40,10,30,33,31,35},
{0,1,4,13,36,26,11,39,3,8},
{5,15,27,38,14,12,34,37,16,40,10,30,33,31,35},
{0,1,4,13,36,26,11,39,3,8},
{5,15,27,38,14,12,34,37,16,40,10,30,33,31,35},
{5,15,27,38,14,12,34,37,16,40,10,30,33,31,35},
{5,15,27,38,14,12,34,37,16,40,10,30,33,31,35},
{2,6,17,24,28,32,7,21,29,9},
{18,23,20,19,22,25},
{18,23,20,19,22,25},
{18,23,20,19,22,25},
{2,6,17,24,28,32,7,21,29,9},
{18,23,20,19,22,25},
{18,23,20,19,22,25},
{2,6,17,24,28,32,7,21,29,9},
{18,23,20,19,22,25},
{0,1,4,13,36,26,11,39,3,8},
{5,15,27,38,14,12,34,37,16,40,10,30,33,31,35},
{2,6,17,24,28,32,7,21,29,9},
{2,6,17,24,28,32,7,21,29,9},
{5,15,27,38,14,12,34,37,16,40,10,30,33,31,35},
{5,15,27,38,14,12,34,37,16,40,10,30,33,31,35},
{2,6,17,24,28,32,7,21,29,9},
{5,15,27,38,14,12,34,37,16,40,10,30,33,31,35},
{5,15,27,38,14,12,34,37,16,40,10,30,33,31,35},
{5,15,27,38,14,12,34,37,16,40,10,30,33,31,35},
{0,1,4,13,36,26,11,39,3,8},
{5,15,27,38,14,12,34,37,16,40,10,30,33,31,35},
{5,15,27,38,14,12,34,37,16,40,10,30,33,31,35},
{0,1,4,13,36,26,11,39,3,8},
{5,15,27,38,14,12,34,37,16,40,10,30,33,31,35},
{41,48,64,94,53,47,59,82,62,43},
{42,50,46,66,44,49,67,52,60,83,58,81,63,93,95},
{41,48,64,94,53,47,59,82,62,43},
{42,50,46,66,44,49,67,52,60,83,58,81,63,93,95},
{45,51,65,55,75,84,92,79,61,80},
{42,50,46,66,44,49,67,52,60,83,58,81,63,93,95},
{41,48,64,94,53,47,59,82,62,43},
{41,48,64,94,53,47,59,82,62,43},
{42,50,46,66,44,49,67,52,60,83,58,81,63,93,95},
{42,50,46,66,44,49,67,52,60,83,58,81,63,93,95},
{45,51,65,55,75,84,92,79,61,80},
{42,50,46,66,44,49,67,52,60,83,58,81,63,93,95},
{41,48,64,94,53,47,59,82,62,43},
{54,74,57,78,86},
{45,51,65,55,75,84,92,79,61,80},
{56,76,70,98,97,72,77,88,91,85},
{54,74,57,78,86},
{42,50,46,66,44,49,67,52,60,83,58,81,63,93,95},
{41,48,64,94,53,47,59,82,62,43},
{42,50,46,66,44,49,67,52,60,83,58,81,63,93,95},
{45,51,65,55,75,84,92,79,61,80},
{41,48,64,94,53,47,59,82,62,43},
{42,50,46,66,44,49,67,52,60,83,58,81,63,93,95},
{41,48,64,94,53,47,59,82,62,43},
{45,51,65,55,75,84,92,79,61,80},
{42,50,46,66,44,49,67,52,60,83,58,81,63,93,95},
{42,50,46,66,44,49,67,52,60,83,58,81,63,93,95},
{68,103,107,115,101,96,112,114,105,116,87,109,111,110,113},
{69,104,108,106,102},
{56,76,70,98,97,72,77,88,91,85},
{71,73,100,90,99,89},
{56,76,70,98,97,72,77,88,91,85},
{71,73,100,90,99,89},
{54,74,57,78,86},
{45,51,65,55,75,84,92,79,61,80},
{56,76,70,98,97,72,77,88,91,85},
{56,76,70,98,97,72,77,88,91,85},
{54,74,57,78,86},
{45,51,65,55,75,84,92,79,61,80},
{45,51,65,55,75,84,92,79,61,80},
{42,50,46,66,44,49,67,52,60,83,58,81,63,93,95},
{41,48,64,94,53,47,59,82,62,43},
{42,50,46,66,44,49,67,52,60,83,58,81,63,93,95},
{45,51,65,55,75,84,92,79,61,80},
{56,76,70,98,97,72,77,88,91,85},
{54,74,57,78,86},
{68,103,107,115,101,96,112,114,105,116,87,109,111,110,113},
{56,76,70,98,97,72,77,88,91,85},
{71,73,100,90,99,89},
{71,73,100,90,99,89},
{56,76,70,98,97,72,77,88,91,85},
{45,51,65,55,75,84,92,79,61,80},
{42,50,46,66,44,49,67,52,60,83,58,81,63,93,95},
{41,48,64,94,53,47,59,82,62,43},
{42,50,46,66,44,49,67,52,60,83,58,81,63,93,95},
{68,103,107,115,101,96,112,114,105,116,87,109,111,110,113},
{56,76,70,98,97,72,77,88,91,85},
{56,76,70,98,97,72,77,88,91,85},
{71,73,100,90,99,89},
{71,73,100,90,99,89},
{68,103,107,115,101,96,112,114,105,116,87,109,111,110,113},
{69,104,108,106,102},
{68,103,107,115,101,96,112,114,105,116,87,109,111,110,113},
{69,104,108,106,102},
{68,103,107,115,101,96,112,114,105,116,87,109,111,110,113},
{69,104,108,106,102},
{68,103,107,115,101,96,112,114,105,116,87,109,111,110,113},
{69,104,108,106,102},
{68,103,107,115,101,96,112,114,105,116,87,109,111,110,113},
{68,103,107,115,101,96,112,114,105,116,87,109,111,110,113},
{68,103,107,115,101,96,112,114,105,116,87,109,111,110,113},
{68,103,107,115,101,96,112,114,105,116,87,109,111,110,113},
{68,103,107,115,101,96,112,114,105,116,87,109,111,110,113},
{68,103,107,115,101,96,112,114,105,116,87,109,111,110,113},
{68,103,107,115,101,96,112,114,105,116,87,109,111,110,113},
{68,103,107,115,101,96,112,114,105,116,87,109,111,110,113},
{117,127,119,138,124},
{118,128,121,130,131,122,139,136,137,123},
{117,127,119,138,124},
{120,132,126,142,125,129,143,133,140,147,135,146,141,150,151},
{118,128,121,130,131,122,139,136,137,123},
{118,128,121,130,131,122,139,136,137,123},
{118,128,121,130,131,122,139,136,137,123},
{117,127,119,138,124},
{120,132,126,142,125,129,143,133,140,147,135,146,141,150,151},
{120,132,126,142,125,129,143,133,140,147,135,146,141,150,151},
{117,127,119,138,124},
{118,128,121,130,131,122,139,136,137,123},
{120,132,126,142,125,129,143,133,140,147,135,146,141,150,151},
{118,128,121,130,131,122,139,136,137,123},
{118,128,121,130,131,122,139,136,137,123},
{120,132,126,142,125,129,143,133,140,147,135,146,141,150,151},
{120,132,126,142,125,129,143,133,140,147,135,146,141,150,151},
{134},
{120,132,126,142,125,129,143,133,140,147,135,146,141,150,151},
{118,128,121,130,131,122,139,136,137,123},
{118,128,121,130,131,122,139,136,137,123},
{117,127,119,138,124},
{118,128,121,130,131,122,139,136,137,123},
{120,132,126,142,125,129,143,133,140,147,135,146,141,150,151},
{120,132,126,142,125,129,143,133,140,147,135,146,141,150,151},
{120,132,126,142,125,129,143,133,140,147,135,146,141,150,151},
{120,132,126,142,125,129,143,133,140,147,135,146,141,150,151},
{144,145,153,149,152,148},
{144,145,153,149,152,148},
{120,132,126,142,125,129,143,133,140,147,135,146,141,150,151},
{120,132,126,142,125,129,143,133,140,147,135,146,141,150,151},
{144,145,153,149,152,148},
{144,145,153,149,152,148},
{120,132,126,142,125,129,143,133,140,147,135,146,141,150,151},
{120,132,126,142,125,129,143,133,140,147,135,146,141,150,151},
{144,145,153,149,152,148},
{144,145,153,149,152,148},
{154},
{155,174,226,425,179,837,225,426,593,832,157,349,975,203,294,201,289,588,354,971,206,291,594,350,976,173,224,424,834,161},
{156,176,160,228,421,175,229,178,423,838,223,422,590,836,158,351,974,835,204,295,202,293,207,592,355,290,591,973,353,972},
{155,174,226,425,179,837,225,426,593,832,157,349,975,203,294,201,289,588,354,971,206,291,594,350,976,173,224,424,834,161},
{156,176,160,228,421,175,229,178,423,838,223,422,590,836,158,351,974,835,204,295,202,293,207,592,355,290,591,973,353,972},
{159,177,227,420,833,589,352,970,205,292},
{156,176,160,228,421,175,229,178,423,838,223,422,590,836,158,351,974,835,204,295,202,293,207,592,355,290,591,973,353,972},
{155,174,226,425,179,837,225,426,593,832,157,349,975,203,294,201,289,588,354,971,206,291,594,350,976,173,224,424,834,161},
{162,183,164,236,436,180,234,182,434,844,233,435,604,839,169,356,986,840,214,303,208,297,210,596,358,296,597,979,359,980},
{163,184,231,431,187,847,237,433,601,841,168,357,981,215,300,209,298,595,362,978,213,302,603,360,984,181,235,428,843,167},
{162,183,164,236,436,180,234,182,434,844,233,435,604,839,169,356,986,840,214,303,208,297,210,596,358,296,597,979,359,980},
{165,188,171,238,429,185,239,189,432,848,230,430,599,846,170,361,985,845,216,305,211,304,217,602,365,299,600,983,364,982},
{166,186,232,427,842,598,363,977,212,301},
{163,184,231,431,187,847,237,433,601,841,168,357,981,215,300,209,298,595,362,978,213,302,603,360,984,181,235,428,843,167},
{163,184,231,431,187,847,237,433,601,841,168,357,981,215,300,209,298,595,362,978,213,302,603,360,984,181,235,428,843,167},
{162,183,164,236,436,180,234,182,434,844,233,435,604,839,169,356,986,840,214,303,208,297,210,596,358,296,597,979,359,980},
{165,188,171,238,429,185,239,189,432,848,230,430,599,846,170,361,985,845,216,305,211,304,217,602,365,299,600,983,364,982},
{165,188,171,238,429,185,239,189,432,848,230,430,599,846,170,361,985,845,216,305,211,304,217,602,365,299,600,983,364,982},
{172,190,240,437,849,605,366,987,218,306},
{155,174,226,425,179,837,225,426,593,832,157,349,975,203,294,201,289,588,354,971,206,291,594,350,976,173,224,424,834,161},
{155,174,226,425,179,837,225,426,593,832,157,349,975,203,294,201,289,588,354,971,206,291,594,350,976,173,224,424,834,161},
{156,176,160,228,421,175,229,178,423,838,223,422,590,836,158,351,974,835,204,295,202,293,207,592,355,290,591,973,353,972},
{156,176,160,228,421,175,229,178,423,838,223,422,590,836,158,351,974,835,204,295,202,293,207,592,355,290,591,973,353,972},
{159,177,227,420,833,589,352,970,205,292},
{156,176,160,228,421,175,229,178,423,838,223,422,590,836,158,351,974,835,204,295,202,293,207,592,355,290,591,973,353,972},
{155,174,226,425,179,837,225,426,593,832,157,349,975,203,294,201,289,588,354,971,206,291,594,350,976,173,224,424,834,161},
{162,183,164,236,436,180,234,182,434,844,233,435,604,839,169,356,986,840,214,303,208,297,210,596,358,296,597,979,359,980},
{163,184,231,431,187,847,237,433,601,841,168,357,981,215,300,209,298,595,362,978,213,302,603,360,984,181,235,428,843,167},
{162,183,164,236,436,180,234,182,434,844,233,435,604,839,169,356,986,840,214,303,208,297,210,596,358,296,597,979,359,980},
{162,183,164,236,436,180,234,182,434,844,233,435,604,839,169,356,986,840,214,303,208,297,210,596,358,296,597,979,359,980},
{163,184,231,431,187,847,237,433,601,841,168,357,981,215,300,209,298,595,362,978,213,302,603,360,984,181,235,428,843,167},
{165,188,171,238,429,185,239,189,432,848,230,430,599,846,170,361,985,845,216,305,211,304,217,602,365,299,600,983,364,982},
{166,186,232,427,842,598,363,977,212,301},
{163,184,231,431,187,847,237,433,601,841,168,357,981,215,300,209,298,595,362,978,213,302,603,360,984,181,235,428,843,167},
{165,188,171,238,429,185,239,189,432,848,230,430,599,846,170,361,985,845,216,305,211,304,217,602,365,299,600,983,364,982},
{165,188,171,238,429,185,239,189,432,848,230,430,599,846,170,361,985,845,216,305,211,304,217,602,365,299,600,983,364,982},
{172,190,240,437,849,605,366,987,218,306},
{191,269,529,573,648,731,279,555,657,311},
{192,271,195,532,576,270,531,647,575,732,280,554,658,659,315,312,645,729,282,556},
{193,272,528,572,644,728,283,552,656,313},
{194,273,530,574,646,730,281,553,660,314},
{192,271,195,532,576,270,531,647,575,732,280,554,658,659,315,312,645,729,282,556},
{196,275,198,534,579,274,535,652,578,736,284,559,663,662,318,316,650,734,285,560},
{197,276,533,577,649,733,286,557,661,317},
{196,275,198,534,579,274,535,652,578,736,284,559,663,662,318,316,650,734,285,560},
{199,277,536,580,651,735,287,558,664,319},
{200,278,537,581,653,737,288,561,665,320},
{155,174,226,425,179,837,225,426,593,832,157,349,975,203,294,201,289,588,354,971,206,291,594,350,976,173,224,424,834,161},
{156,176,160,228,421,175,229,178,423,838,223,422,590,836,158,351,974,835,204,295,202,293,207,592,355,290,591,973,353,972},
{155,174,226,425,179,837,225,426,593,832,157,349,975,203,294,201,289,588,354,971,206,291,594,350,976,173,224,424,834,161},
{156,176,160,228,421,175,229,178,423,838,223,422,590,836,158,351,974,835,204,295,202,293,207,592,355,290,591,973,353,972},
{159,177,227,420,833,589,352,970,205,292},
{155,174,226,425,179,837,225,426,593,832,157,349,975,203,294,201,289,588,354,971,206,291,594,350,976,173,224,424,834,161},
{156,176,160,228,421,175,229,178,423,838,223,422,590,836,158,351,974,835,204,295,202,293,207,592,355,290,591,973,353,972},
{162,183,164,236,436,180,234,182,434,844,233,435,604,839,169,356,986,840,214,303,208,297,210,596,358,296,597,979,359,980},
{163,184,231,431,187,847,237,433,601,841,168,357,981,215,300,209,298,595,362,978,213,302,603,360,984,181,235,428,843,167},
{162,183,164,236,436,180,234,182,434,844,233,435,604,839,169,356,986,840,214,303,208,297,210,596,358,296,597,979,359,980},
{165,188,171,238,429,185,239,189,432,848,230,430,599,846,170,361,985,845,216,305,211,304,217,602,365,299,600,983,364,982},
{166,186,232,427,842,598,363,977,212,301},
{163,184,231,431,187,847,237,433,601,841,168,357,981,215,300,209,298,595,362,978,213,302,603,360,984,181,235,428,843,167},
{162,183,164,236,436,180,234,182,434,844,233,435,604,839,169,356,986,840,214,303,208,297,210,596,358,296,597,979,359,980},
{163,184,231,431,187,847,237,433,601,841,168,357,981,215,300,209,298,595,362,978,213,302,603,360,984,181,235,428,843,167},
{165,188,171,238,429,185,239,189,432,848,230,430,599,846,170,361,985,845,216,305,211,304,217,602,365,299,600,983,364,982},
{165,188,171,238,429,185,239,189,432,848,230,430,599,846,170,361,985,845,216,305,211,304,217,602,365,299,600,983,364,982},
{172,190,240,437,849,605,366,987,218,306},
{219,308,221,607,858,307,608,1015,857,992,371,1021,851,850,369,367,1017,991,372,1023},
{220,309,606,856,1016,990,373,1022,852,368},
{219,308,221,607,858,307,608,1015,857,992,371,1021,851,850,369,367,1017,991,372,1023},
{222,310,609,859,1018,993,374,1024,853,370},
{156,176,160,228,421,175,229,178,423,838,223,422,590,836,158,351,974,835,204,295,202,293,207,592,355,290,591,973,353,972},
{155,174,226,425,179,837,225,426,593,832,157,349,975,203,294,201,289,588,354,971,206,291,594,350,976,173,224,424,834,161},
{155,174,226,425,179,837,225,426,593,832,157,349,975,203,294,201,289,588,354,971,206,291,594,350,976,173,224,424,834,161},
{155,174,226,425,179,837,225,426,593,832,157,349,975,203,294,201,289,588,354,971,206,291,594,350,976,173,224,424,834,161},
{159,177,227,420,833,589,352,970,205,292},
{156,176,160,228,421,175,229,178,423,838,223,422,590,836,158,351,974,835,204,295,202,293,207,592,355,290,591,973,353,972},
{156,176,160,228,421,175,229,178,423,838,223,422,590,836,158,351,974,835,204,295,202,293,207,592,355,290,591,973,353,972},
{165,188,171,238,429,185,239,189,432,848,230,430,599,846,170,361,985,845,216,305,211,304,217,602,365,299,600,983,364,982},
{163,184,231,431,187,847,237,433,601,841,168,357,981,215,300,209,298,595,362,978,213,302,603,360,984,181,235,428,843,167},
{166,186,232,427,842,598,363,977,212,301},
{162,183,164,236,436,180,234,182,434,844,233,435,604,839,169,356,986,840,214,303,208,297,210,596,358,296,597,979,359,980},
{162,183,164,236,436,180,234,182,434,844,233,435,604,839,169,356,986,840,214,303,208,297,210,596,358,296,597,979,359,980},
{163,184,231,431,187,847,237,433,601,841,168,357,981,215,300,209,298,595,362,978,213,302,603,360,984,181,235,428,843,167},
{162,183,164,236,436,180,234,182,434,844,233,435,604,839,169,356,986,840,214,303,208,297,210,596,358,296,597,979,359,980},
{163,184,231,431,187,847,237,433,601,841,168,357,981,215,300,209,298,595,362,978,213,302,603,360,984,181,235,428,843,167},
{165,188,171,238,429,185,239,189,432,848,230,430,599,846,170,361,985,845,216,305,211,304,217,602,365,299,600,983,364,982},
{165,188,171,238,429,185,239,189,432,848,230,430,599,846,170,361,985,845,216,305,211,304,217,602,365,299,600,983,364,982},
{172,190,240,437,849,605,366,987,218,306},
{241,468,612,914,440,375,771,860,497,1028,321,668,745,697,808},
{242,469,614,919,441,377,767,865,498,1030,322,669,741,698,804},
{243,471,616,917,446,376,766,864,501,1029,323,671,743,701,809},
{244,472,613,915,442,379,770,863,496,1031,246,470,615,920,443,378,768,866,499,1032,324,674,740,696,805,327,670,742,699,803},
{245,474,618,916,445,381,772,861,502,1033,247,473,617,918,444,380,769,862,500,1027,325,672,744,702,807,326,673,746,700,806},
{244,472,613,915,442,379,770,863,496,1031,246,470,615,920,443,378,768,866,499,1032,324,674,740,696,805,327,670,742,699,803},
{245,474,618,916,445,381,772,861,502,1033,247,473,617,918,444,380,769,862,500,1027,325,672,744,702,807,326,673,746,700,806},
{248,476,621,921,449,382,776,868,505,1036,328,676,750,705,814},
{249,477,619,922,447,383,781,867,503,1037,250,475,620,923,448,384,779,869,506,1038,329,677,747,703,815,330,675,752,706,810},
{249,477,619,922,447,383,781,867,503,1037,250,475,620,923,448,384,779,869,506,1038,329,677,747,703,815,330,675,752,706,810},
{251,479,624,925,451,389,778,870,508,1042,252,478,623,929,450,388,777,872,507,1034,331,678,749,708,813,332,679,751,707,812},
{251,479,624,925,451,389,778,870,508,1042,252,478,623,929,450,388,777,872,507,1034,331,678,749,708,813,332,679,751,707,812},
{253,481,625,927,453,386,774,874,509,1040,334,682,754,710,817},
{254,482,627,928,454,387,775,875,510,1041,333,681,753,711,816,335,683,755,709,818,385,773,873,511,1039,255,483,626,926,455},
{254,482,627,928,454,387,775,875,510,1041,333,681,753,711,816,335,683,755,709,818,385,773,873,511,1039,255,483,626,926,455},
{256,480,622,924,452,390,780,871,504,1035,336,680,748,704,811},
{257,485,629,930,457,391,782,877,513,1044,337,685,757,713,820},
{258,484,628,931,456,392,783,876,512,1043,338,684,756,712,819},
{259,487,632,932,460,393,1006,879,518,1048,339,687,999,718,996},
{260,488,630,933,458,394,1007,878,517,1049,261,486,631,934,459,395,1008,880,519,1050,340,688,1001,717,995,341,686,1000,719,994},
{260,488,630,933,458,394,1007,878,517,1049,261,486,631,934,459,395,1008,880,519,1050,340,688,1001,717,995,341,686,1000,719,994},
{262,490,634,935,462,396,1009,882,521,1051,342,690,1002,721,998},
{263,489,633,936,461,397,1010,881,520,1052,343,689,1003,720,997},
{264,491,639,960,465,412,799,905,524,1068,344,691,762,724,826},
{265,493,641,961,464,414,800,906,525,1069,266,492,640,962,463,413,798,907,523,1067,345,692,761,725,825,346,693,763,723,824},
{265,493,641,961,464,414,800,906,525,1069,266,492,640,962,463,413,798,907,523,1067,345,692,761,725,825,346,693,763,723,824},
{267,494,642,963,467,415,802,908,527,1071,347,694,765,727,828},
{268,495,643,964,466,416,801,909,526,1070,348,695,764,726,827},
{191,269,529,573,648,731,279,555,657,311},
{192,271,195,532,576,270,531,647,575,732,280,554,658,659,315,312,645,729,282,556},
{192,271,195,532,576,270,531,647,575,732,280,554,658,659,315,312,645,729,282,556},
{193,272,528,572,644,728,283,552,656,313},
{194,273,530,574,646,730,281,553,660,314},
{196,275,198,534,579,274,535,652,578,736,284,559,663,662,318,316,650,734,285,560},
{196,275,198,534,579,274,535,652,578,736,284,559,663,662,318,316,650,734,285,560},
{197,276,533,577,649,733,286,557,661,317},
{199,277,536,580,651,735,287,558,664,319},
{200,278,537,581,653,737,288,561,665,320},
{191,269,529,573,648,731,279,555,657,311},
{192,271,195,532,576,270,531,647,575,732,280,554,658,659,315,312,645,729,282,556},
{194,273,530,574,646,730,281,553,660,314},
{192,271,195,532,576,270,531,647,575,732,280,554,658,659,315,312,645,729,282,556},
{193,272,528,572,644,728,283,552,656,313},
{196,275,198,534,579,274,535,652,578,736,284,559,663,662,318,316,650,734,285,560},
{196,275,198,534,579,274,535,652,578,736,284,559,663,662,318,316,650,734,285,560},
{197,276,533,577,649,733,286,557,661,317},
{199,277,536,580,651,735,287,558,664,319},
{200,278,537,581,653,737,288,561,665,320},
{155,174,226,425,179,837,225,426,593,832,157,349,975,203,294,201,289,588,354,971,206,291,594,350,976,173,224,424,834,161},
{156,176,160,228,421,175,229,178,423,838,223,422,590,836,158,351,974,835,204,295,202,293,207,592,355,290,591,973,353,972},
{155,174,226,425,179,837,225,426,593,832,157,349,975,203,294,201,289,588,354,971,206,291,594,350,976,173,224,424,834,161},
{159,177,227,420,833,589,352,970,205,292},
{156,176,160,228,421,175,229,178,423,838,223,422,590,836,158,351,974,835,204,295,202,293,207,592,355,290,591,973,353,972},
{155,174,226,425,179,837,225,426,593,832,157,349,975,203,294,201,289,588,354,971,206,291,594,350,976,173,224,424,834,161},
{156,176,160,228,421,175,229,178,423,838,223,422,590,836,158,351,974,835,204,295,202,293,207,592,355,290,591,973,353,972},
{162,183,164,236,436,180,234,182,434,844,233,435,604,839,169,356,986,840,214,303,208,297,210,596,358,296,597,979,359,980},
{162,183,164,236,436,180,234,182,434,844,233,435,604,839,169,356,986,840,214,303,208,297,210,596,358,296,597,979,359,980},
{163,184,231,431,187,847,237,433,601,841,168,357,981,215,300,209,298,595,362,978,213,302,603,360,984,181,235,428,843,167},
{165,188,171,238,429,185,239,189,432,848,230,430,599,846,170,361,985,845,216,305,211,304,217,602,365,299,600,983,364,982},
{163,184,231,431,187,847,237,433,601,841,168,357,981,215,300,209,298,595,362,978,213,302,603,360,984,181,235,428,843,167},
{166,186,232,427,842,598,363,977,212,301},
{163,184,231,431,187,847,237,433,601,841,168,357,981,215,300,209,298,595,362,978,213,302,603,360,984,181,235,428,843,167},
{162,183,164,236,436,180,234,182,434,844,233,435,604,839,169,356,986,840,214,303,208,297,210,596,358,296,597,979,359,980},
{165,188,171,238,429,185,239,189,432,848,230,430,599,846,170,361,985,845,216,305,211,304,217,602,365,299,600,983,364,982},
{165,188,171,238,429,185,239,189,432,848,230,430,599,846,170,361,985,845,216,305,211,304,217,602,365,299,600,983,364,982},
{172,190,240,437,849,605,366,987,218,306},
{219,308,221,607,858,307,608,1015,857,992,371,1021,851,850,369,367,1017,991,372,1023},
{219,308,221,607,858,307,608,1015,857,992,371,1021,851,850,369,367,1017,991,372,1023},
{220,309,606,856,1016,990,373,1022,852,368},
{222,310,609,859,1018,993,374,1024,853,370},
{191,269,529,573,648,731,279,555,657,311},
{192,271,195,532,576,270,531,647,575,732,280,554,658,659,315,312,645,729,282,556},
{193,272,528,572,644,728,283,552,656,313},
{194,273,530,574,646,730,281,553,660,314},
{192,271,195,532,576,270,531,647,575,732,280,554,658,659,315,312,645,729,282,556},
{196,275,198,534,579,274,535,652,578,736,284,559,663,662,318,316,650,734,285,560},
{197,276,533,577,649,733,286,557,661,317},
{196,275,198,534,579,274,535,652,578,736,284,559,663,662,318,316,650,734,285,560},
{199,277,536,580,651,735,287,558,664,319},
{200,278,537,581,653,737,288,561,665,320},
{241,468,612,914,440,375,771,860,497,1028,321,668,745,697,808},
{242,469,614,919,441,377,767,865,498,1030,322,669,741,698,804},
{243,471,616,917,446,376,766,864,501,1029,323,671,743,701,809},
{244,472,613,915,442,379,770,863,496,1031,246,470,615,920,443,378,768,866,499,1032,324,674,740,696,805,327,670,742,699,803},
{245,474,618,916,445,381,772,861,502,1033,247,473,617,918,444,380,769,862,500,1027,325,672,744,702,807,326,673,746,700,806},
{245,474,618,916,445,381,772,861,502,1033,247,473,617,918,444,380,769,862,500,1027,325,672,744,702,807,326,673,746,700,806},
{244,472,613,915,442,379,770,863,496,1031,246,470,615,920,443,378,768,866,499,1032,324,674,740,696,805,327,670,742,699,803},
{248,476,621,921,449,382,776,868,505,1036,328,676,750,705,814},
{249,477,619,922,447,383,781,867,503,1037,250,475,620,923,448,384,779,869,506,1038,329,677,747,703,815,330,675,752,706,810},
{249,477,619,922,447,383,781,867,503,1037,250,475,620,923,448,384,779,869,506,1038,329,677,747,703,815,330,675,752,706,810},
{251,479,624,925,451,389,778,870,508,1042,252,478,623,929,450,388,777,872,507,1034,331,678,749,708,813,332,679,751,707,812},
{251,479,624,925,451,389,778,870,508,1042,252,478,623,929,450,388,777,872,507,1034,331,678,749,708,813,332,679,751,707,812},
{254,482,627,928,454,387,775,875,510,1041,333,681,753,711,816,335,683,755,709,818,385,773,873,511,1039,255,483,626,926,455},
{253,481,625,927,453,386,774,874,509,1040,334,682,754,710,817},
{254,482,627,928,454,387,775,875,510,1041,333,681,753,711,816,335,683,755,709,818,385,773,873,511,1039,255,483,626,926,455},
{256,480,622,924,452,390,780,871,504,1035,336,680,748,704,811},
{257,485,629,930,457,391,782,877,513,1044,337,685,757,713,820},
{258,484,628,931,456,392,783,876,512,1043,338,684,756,712,819},
{259,487,632,932,460,393,1006,879,518,1048,339,687,999,718,996},
{260,488,630,933,458,394,1007,878,517,1049,261,486,631,934,459,395,1008,880,519,1050,340,688,1001,717,995,341,686,1000,719,994},
{260,488,630,933,458,394,1007,878,517,1049,261,486,631,934,459,395,1008,880,519,1050,340,688,1001,717,995,341,686,1000,719,994},
{262,490,634,935,462,396,1009,882,521,1051,342,690,1002,721,998},
{263,489,633,936,461,397,1010,881,520,1052,343,689,1003,720,997},
{264,491,639,960,465,412,799,905,524,1068,344,691,762,724,826},
{265,493,641,961,464,414,800,906,525,1069,266,492,640,962,463,413,798,907,523,1067,345,692,761,725,825,346,693,763,723,824},
{265,493,641,961,464,414,800,906,525,1069,266,492,640,962,463,413,798,907,523,1067,345,692,761,725,825,346,693,763,723,824},
{267,494,642,963,467,415,802,908,527,1071,347,694,765,727,828},
{268,495,643,964,466,416,801,909,526,1070,348,695,764,726,827},
{155,174,226,425,179,837,225,426,593,832,157,349,975,203,294,201,289,588,354,971,206,291,594,350,976,173,224,424,834,161},
{155,174,226,425,179,837,225,426,593,832,157,349,975,203,294,201,289,588,354,971,206,291,594,350,976,173,224,424,834,161},
{156,176,160,228,421,175,229,178,423,838,223,422,590,836,158,351,974,835,204,295,202,293,207,592,355,290,591,973,353,972},
{159,177,227,420,833,589,352,970,205,292},
{156,176,160,228,421,175,229,178,423,838,223,422,590,836,158,351,974,835,204,295,202,293,207,592,355,290,591,973,353,972},
{155,174,226,425,179,837,225,426,593,832,157,349,975,203,294,201,289,588,354,971,206,291,594,350,976,173,224,424,834,161},
{156,176,160,228,421,175,229,178,423,838,223,422,590,836,158,351,974,835,204,295,202,293,207,592,355,290,591,973,353,972},
{162,183,164,236,436,180,234,182,434,844,233,435,604,839,169,356,986,840,214,303,208,297,210,596,358,296,597,979,359,980},
{163,184,231,431,187,847,237,433,601,841,168,357,981,215,300,209,298,595,362,978,213,302,603,360,984,181,235,428,843,167},
{162,183,164,236,436,180,234,182,434,844,233,435,604,839,169,356,986,840,214,303,208,297,210,596,358,296,597,979,359,980},
{162,183,164,236,436,180,234,182,434,844,233,435,604,839,169,356,986,840,214,303,208,297,210,596,358,296,597,979,359,980},
{163,184,231,431,187,847,237,433,601,841,168,357,981,215,300,209,298,595,362,978,213,302,603,360,984,181,235,428,843,167},
{165,188,171,238,429,185,239,189,432,848,230,430,599,846,170,361,985,845,216,305,211,304,217,602,365,299,600,983,364,982},
{163,184,231,431,187,847,237,433,601,841,168,357,981,215,300,209,298,595,362,978,213,302,603,360,984,181,235,428,843,167},
{166,186,232,427,842,598,363,977,212,301},
{165,188,171,238,429,185,239,189,432,848,230,430,599,846,170,361,985,845,216,305,211,304,217,602,365,299,600,983,364,982},
{165,188,171,238,429,185,239,189,432,848,230,430,599,846,170,361,985,845,216,305,211,304,217,602,365,299,600,983,364,982},
{172,190,240,437,849,605,366,987,218,306},
{219,308,221,607,858,307,608,1015,857,992,371,1021,851,850,369,367,1017,991,372,1023},
{220,309,606,856,1016,990,373,1022,852,368},
{219,308,221,607,858,307,608,1015,857,992,371,1021,851,850,369,367,1017,991,372,1023},
{222,310,609,859,1018,993,374,1024,853,370},
{219,308,221,607,858,307,608,1015,857,992,371,1021,851,850,369,367,1017,991,372,1023},
{219,308,221,607,858,307,608,1015,857,992,371,1021,851,850,369,367,1017,991,372,1023},
{220,309,606,856,1016,990,373,1022,852,368},
{222,310,609,859,1018,993,374,1024,853,370},
{241,468,612,914,440,375,771,860,497,1028,321,668,745,697,808},
{243,471,616,917,446,376,766,864,501,1029,323,671,743,701,809},
{242,469,614,919,441,377,767,865,498,1030,322,669,741,698,804},
{244,472,613,915,442,379,770,863,496,1031,246,470,615,920,443,378,768,866,499,1032,324,674,740,696,805,327,670,742,699,803},
{244,472,613,915,442,379,770,863,496,1031,246,470,615,920,443,378,768,866,499,1032,324,674,740,696,805,327,670,742,699,803},
{245,474,618,916,445,381,772,861,502,1033,247,473,617,918,444,380,769,862,500,1027,325,672,744,702,807,326,673,746,700,806},
{245,474,618,916,445,381,772,861,502,1033,247,473,617,918,444,380,769,862,500,1027,325,672,744,702,807,326,673,746,700,806},
{248,476,621,921,449,382,776,868,505,1036,328,676,750,705,814},
{249,477,619,922,447,383,781,867,503,1037,250,475,620,923,448,384,779,869,506,1038,329,677,747,703,815,330,675,752,706,810},
{249,477,619,922,447,383,781,867,503,1037,250,475,620,923,448,384,779,869,506,1038,329,677,747,703,815,330,675,752,706,810},
{254,482,627,928,454,387,775,875,510,1041,333,681,753,711,816,335,683,755,709,818,385,773,873,511,1039,255,483,626,926,455},
{253,481,625,927,453,386,774,874,509,1040,334,682,754,710,817},
{254,482,627,928,454,387,775,875,510,1041,333,681,753,711,816,335,683,755,709,818,385,773,873,511,1039,255,483,626,926,455},
{251,479,624,925,451,389,778,870,508,1042,252,478,623,929,450,388,777,872,507,1034,331,678,749,708,813,332,679,751,707,812},
{251,479,624,925,451,389,778,870,508,1042,252,478,623,929,450,388,777,872,507,1034,331,678,749,708,813,332,679,751,707,812},
{256,480,622,924,452,390,780,871,504,1035,336,680,748,704,811},
{257,485,629,930,457,391,782,877,513,1044,337,685,757,713,820},
{258,484,628,931,456,392,783,876,512,1043,338,684,756,712,819},
